V,690
E,38,690
E,148,690
E,592,690
E,688,690
E,689,690
E,690,691
E,690,692
E,690,693
V,261
E,65,261
E,67,261
E,260,261
E,261,262
E,261,299
V,351
E,85,351
E,88,351
E,343,351
E,349,351
E,350,351
E,351,352
V,299
E,65,299
E,66,299
E,261,299
E,262,299
E,299,301
V,761
E,48,761
E,192,761
E,194,761
E,195,761
E,755,761
E,758,761
E,759,761
E,761,762
E,761,778
V,541
E,122,541
E,123,541
E,124,541
E,480,541
E,540,541
E,541,542
V,275
E,70,275
E,272,275
E,274,275
E,275,276
E,275,278
V,959
E,241,959
E,321,959
E,956,959
E,958,959
E,959,960
V,40
E,40,96
E,40,383
E,40,384
E,40,385
E,40,386
E,40,387
V,619
E,156,619
E,613,619
E,619,620
E,619,621
V,286
E,71,286
E,73,286
E,286,287
E,286,289
E,286,353
E,286,356
V,719
E,178,719
E,189,719
E,576,719
E,709,719
E,719,720
E,719,754
V,145
E,145,569
E,145,570
E,145,571
E,145,572
E,145,573
E,145,585
V,146
E,36,146
E,146,567
E,146,581
E,146,582
E,146,584
E,146,585
V,428
E,4,428
E,421,428
E,422,428
E,424,428
E,427,428
E,428,429
E,428,432
V,263
E,262,263
E,263,264
E,263,265
E,263,271
V,123
E,122,123
E,123,500
E,123,501
E,123,502
E,123,537
E,123,539
E,123,540
E,123,541
V,348
E,78,348
E,341,348
E,348,349
E,348,350
V,818
E,812,818
E,813,818
E,814,818
E,817,818
E,818,820
V,263
E,262,263
E,263,264
E,263,265
E,263,271
V,639
E,385,639
E,629,639
E,630,639
E,637,639
E,638,639
E,639,640
V,830
E,207,830
E,208,830
E,209,830
E,822,830
E,827,830
E,828,830
E,829,830
V,190
E,189,190
E,190,753
E,190,754
E,190,756
V,548
E,29,548
E,152,548
E,545,548
E,548,549
E,548,552
E,548,553
V,472
E,9,472
E,115,472
E,457,472
E,458,472
E,462,472
E,465,472
E,471,472
V,824
E,204,824
E,206,824
E,809,824
E,812,824
E,823,824
E,824,826
V,397
E,101,397
E,102,397
E,395,397
E,396,397
E,397,398
E,397,399
V,384
E,40,384
E,95,384
E,96,384
E,383,384
E,384,641
V,993
E,231,993
E,250,993
E,863,993
E,864,993
E,993,994
V,365
E,17,365
E,338,365
E,363,365
E,365,366
E,365,367
E,365,368
V,162
E,161,162
E,162,685
E,162,686
E,162,687
V,491
E,113,491
E,114,491
E,483,491
E,489,491
E,491,493
V,273
E,28,273
E,69,273
E,70,273
E,110,273
E,257,273
E,273,431
V,541
E,122,541
E,123,541
E,124,541
E,480,541
E,540,541
E,541,542
V,270
E,70,270
E,265,270
E,266,270
E,269,270
E,270,271
E,270,272
V,828
E,207,828
E,790,828
E,792,828
E,828,829
E,828,830
V,867
E,864,867
E,865,867
E,866,867
E,867,868
E,867,923
V,146
E,36,146
E,146,567
E,146,581
E,146,582
E,146,584
E,146,585
V,787
E,785,787
E,786,787
E,787,788
E,787,789
E,787,796
V,881
E,223,881
E,880,881
E,881,882
E,881,883
E,881,884
E,881,890
E,881,892
V,1023
E,63,1023
E,256,1023
E,1020,1023
E,1021,1023
E,1022,1023
E,1023,1024
V,583
E,147,583
E,581,583
E,583,584
E,583,586
E,583,591
E,583,592
V,908
E,906,908
E,908,909
E,908,914
E,908,915
E,908,943
V,154
E,153,154
E,154,478
E,154,547
E,154,609
E,154,610
V,771
E,767,771
E,768,771
E,769,771
E,770,771
E,771,772
E,771,773
E,771,774
E,771,784
E,771,831
V,926
E,917,926
E,918,926
E,926,927
E,926,928
E,926,940
V,719
E,178,719
E,189,719
E,576,719
E,709,719
E,719,720
E,719,754
V,624
E,30,624
E,389,624
E,623,624
E,624,625
V,882
E,42,882
E,656,882
E,657,882
E,881,882
E,882,883
E,882,892
V,44
E,44,168
E,44,673
E,44,674
E,44,675
V,366
E,24,366
E,91,366
E,93,366
E,363,366
E,365,366
E,366,367
V,313
E,18,313
E,311,313
E,312,313
E,313,331
E,313,345
E,313,346
V,260
E,67,260
E,257,260
E,258,260
E,259,260
E,260,261
V,420
E,108,420
E,417,420
E,418,420
E,419,420
E,420,421
E,420,422
V,394
E,90,394
E,99,394
E,359,394
E,360,394
E,361,394
E,376,394
E,393,394
V,937
E,235,937
E,238,937
E,929,937
E,936,937
E,937,938
V,756
E,189,756
E,190,756
E,191,756
E,753,756
E,756,757
E,756,758
E,756,766
E,756,767
V,368
E,17,368
E,335,368
E,337,368
E,365,368
E,367,368
E,368,913
V,691
E,690,691
E,691,692
E,691,693
V,185
E,185,186
E,185,199
E,185,200
E,185,741
E,185,742
E,185,781
V,549
E,29,549
E,147,549
E,548,549
E,549,550
E,549,552
E,549,588
E,549,589
V,431
E,4,431
E,28,431
E,110,431
E,273,431
E,431,432
E,431,433
V,702
E,175,702
E,176,702
E,701,702
E,702,703
E,702,708
E,702,710
V,1004
E,61,1004
E,997,1004
E,1002,1004
E,1003,1004
E,1004,1005
V,16
E,3,16
E,16,240
E,16,241
E,16,323
E,16,949
E,16,956
E,16,957
V,458
E,457,458
E,458,459
E,458,460
E,458,462
E,458,472
V,590
E,586,590
E,587,590
E,589,590
E,590,591
E,590,602
E,590,603
E,590,604
V,432
E,4,432
E,426,432
E,427,432
E,428,432
E,431,432
E,432,433
E,432,434
V,474
E,9,474
E,116,474
E,474,475
V,333
E,326,333
E,327,333
E,330,333
E,332,333
E,333,334
E,333,336
V,665
E,13,665
E,163,665
E,647,665
E,665,677
E,665,680
E,665,681
V,816
E,658,816
E,815,816
E,816,817
E,816,883
V,355
E,87,355
E,104,355
E,105,355
E,354,355
E,355,357
E,355,364
V,344
E,77,344
E,78,344
E,310,344
E,341,344
E,344,345
E,344,346
E,344,347
V,604
E,150,604
E,587,604
E,590,604
E,602,604
E,604,606
V,485
E,124,485
E,484,485
E,485,486
E,485,487
E,485,496
E,485,502
E,485,540
V,875
E,869,875
E,871,875
E,875,876
E,875,877
E,875,878
E,875,923
E,875,925
V,836
E,41,836
E,220,836
E,821,836
E,832,836
E,834,836
E,836,837
V,0
V,778
E,48,778
E,759,778
E,760,778
E,761,778
V,365
E,17,365
E,338,365
E,363,365
E,365,366
E,365,367
E,365,368
V,68
E,6,68
E,68,281
E,68,282
E,68,291
E,68,294
E,68,297
E,68,298
V,766
E,191,766
E,756,766
E,763,766
E,765,766
E,766,767
V,932
E,250,932
E,930,932
E,931,932
E,932,933
E,932,934
E,932,990
V,946
E,82,946
E,334,946
E,336,946
E,946,947
V,941
E,227,941
E,238,941
E,916,941
E,918,941
E,920,941
E,938,941
E,939,941
E,940,941
V,866
E,863,866
E,864,866
E,866,867
E,866,923
E,866,924
E,866,927
E,866,928
V,954
E,3,954
E,948,954
E,950,954
E,953,954
E,954,955
V,327
E,81,327
E,325,327
E,326,327
E,327,330
E,327,333
V,330
E,18,330
E,79,330
E,80,330
E,81,330
E,327,330
E,330,332
E,330,333
V,761
E,48,761
E,192,761
E,194,761
E,195,761
E,755,761
E,758,761
E,759,761
E,761,762
E,761,778
V,531
E,132,531
E,522,531
E,523,531
E,528,531
E,529,531
E,530,531
E,531,532
E,531,562
V,248
E,248,987
E,248,988
E,248,989
E,248,990
V,554
E,34,554
E,119,554
E,551,554
E,554,555
E,554,559
V,302
E,1,302
E,6,302
E,297,302
E,300,302
E,302,303
V,402
E,117,402
E,399,402
E,401,402
E,402,409
E,402,623
V,706
E,177,706
E,178,706
E,704,706
E,705,706
E,706,709
V,74
E,19,74
E,74,293
E,74,295
E,74,309
E,74,310
V,170
E,170,171
E,170,675
E,170,676
E,170,677
E,170,678
V,379
E,23,379
E,25,379
E,99,379
E,377,379
E,379,393
V,23
E,23,25
E,23,379
E,23,388
E,23,391
E,23,392
E,23,393
V,71
E,71,73
E,71,106
E,71,107
E,71,284
E,71,286
E,71,356
E,71,416
V,666
E,13,666
E,164,666
E,666,668
E,666,674
E,666,675
E,666,677
V,791
E,205,791
E,206,791
E,207,791
E,791,792
E,791,808
E,791,825
V,422
E,417,422
E,420,422
E,421,422
E,422,423
E,422,424
E,422,428
V,765
E,193,765
E,763,765
E,764,765
E,765,766
E,765,767
V,358
E,89,358
E,90,358
E,101,358
E,103,358
E,357,358
E,358,360
V,387
E,25,387
E,40,387
E,96,387
E,97,387
E,377,387
E,378,387
E,386,387
E,387,640
V,546
E,31,546
E,119,546
E,152,546
E,542,546
E,543,546
E,546,547
E,546,555
E,546,556
E,546,610
V,27
E,27,425
E,27,434
E,27,435
E,27,436
E,27,441
E,27,442
V,816
E,658,816
E,815,816
E,816,817
E,816,883
V,602
E,590,602
E,599,602
E,601,602
E,602,603
E,602,604
E,602,606
V,419
E,108,419
E,277,419
E,418,419
E,419,420
V,650
E,2,650
E,225,650
E,645,650
E,649,650
E,650,651
E,650,654
E,650,898
V,961
E,5,961
E,21,961
E,239,961
E,960,961
E,961,962
V,514
E,189,514
E,493,514
E,510,514
E,513,514
E,514,516
E,514,561
E,514,574
V,778
E,48,778
E,759,778
E,760,778
E,761,778
V,566
E,34,566
E,558,566
E,564,566
E,565,566
E,566,568
V,965
E,243,965
E,963,965
E,965,966
E,965,967
E,965,974
E,965,976
V,648
E,13,648
E,647,648
E,648,661
E,648,662
E,648,664
V,779
E,197,779
E,198,779
E,199,779
E,740,779
E,779,780
E,779,795
V,500
E,123,500
E,498,500
E,500,501
E,500,504
E,500,537
V,981
E,980,981
E,981,982
E,981,983
E,981,984
E,981,985
E,981,986
E,981,999
E,981,1018
V,620
E,30,620
E,156,620
E,619,620
E,620,621
E,620,625
V,275
E,70,275
E,272,275
E,274,275
E,275,276
E,275,278
V,697
E,695,697
E,696,697
E,697,711
E,697,712
E,697,728
V,331
E,18,331
E,80,331
E,313,331
E,329,331
E,331,345
V,982
E,246,982
E,256,982
E,980,982
E,981,982
E,982,1018
E,982,1020
V,191
E,188,191
E,191,756
E,191,757
E,191,763
E,191,766
V,814
E,14,814
E,43,814
E,166,814
E,803,814
E,804,814
E,812,814
E,813,814
E,814,818
V,281
E,68,281
E,279,281
E,280,281
E,281,282
E,281,284
E,281,298
V,57
E,57,58
E,57,224
E,57,886
E,57,922
V,95
E,95,96
E,95,381
E,95,382
E,95,384
E,95,641
E,95,897
E,95,898
E,95,899
V,424
E,109,424
E,422,424
E,423,424
E,424,425
E,424,426
E,424,427
E,424,428
V,607
E,149,607
E,151,607
E,155,607
E,605,607
E,607,608
E,607,609
E,607,613
E,607,614
V,236
E,234,236
E,236,935
E,236,951
E,236,952
E,236,970
V,716
E,174,716
E,714,716
E,716,717
E,716,723
E,716,724
E,716,727
V,306
E,1,306
E,304,306
E,305,306
E,306,307
E,306,316
V,274
E,28,274
E,70,274
E,108,274
E,274,275
E,274,276
E,274,277
E,274,421
E,274,430
V,583
E,147,583
E,581,583
E,583,584
E,583,586
E,583,591
E,583,592
V,503
E,125,503
E,126,503
E,127,503
E,503,511
E,503,520
E,503,521
E,503,538
V,250
E,231,250
E,250,931
E,250,932
E,250,990
E,250,991
E,250,993
E,250,994
E,250,996
V,993
E,231,993
E,250,993
E,863,993
E,864,993
E,993,994
V,225
E,225,645
E,225,646
E,225,649
E,225,650
V,625
E,30,625
E,156,625
E,157,625
E,389,625
E,620,625
E,624,625
V,17
E,17,335
E,17,338
E,17,339
E,17,365
E,17,368
V,729
E,712,729
E,713,729
E,728,729
E,729,730
V,625
E,30,625
E,156,625
E,157,625
E,389,625
E,620,625
E,624,625
V,642
E,160,642
E,641,642
E,642,643
E,642,644
E,642,898
V,477
E,121,477
E,476,477
E,477,479
E,477,480
E,477,481
V,232
E,60,232
E,61,232
E,232,860
E,232,861
E,232,865
E,232,868
E,232,871
E,232,995
V,450
E,443,450
E,448,450
E,449,450
E,450,451
E,450,459
V,915
E,371,915
E,900,915
E,908,915
E,909,915
E,910,915
E,912,915
E,914,915
V,888
E,58,888
E,223,888
E,887,888
E,888,889
E,888,890
E,888,893
E,888,904
V,347
E,77,347
E,292,347
E,310,347
E,344,347
V,479
E,31,479
E,121,479
E,477,479
E,478,479
E,479,480
E,479,610
V,657
E,42,657
E,222,657
E,657,658
E,657,660
E,657,882
E,657,883
V,595
E,161,595
E,593,595
E,594,595
E,595,596
E,595,688
V,201
E,201,202
E,201,203
E,201,797
E,201,798
E,201,799
V,789
E,208,789
E,785,789
E,787,789
E,788,789
E,789,827
E,789,829
E,789,831
V,103
E,101,103
E,103,104
E,103,356
E,103,357
E,103,358
E,103,395
E,103,411
E,103,414
V,471
E,9,471
E,116,471
E,465,471
E,467,471
E,470,471
E,471,472
V,859
E,858,859
E,859,860
E,859,861
E,859,873
E,859,874
V,822
E,207,822
E,209,822
E,220,822
E,822,830
E,822,832
V,572
E,35,572
E,137,572
E,139,572
E,143,572
E,145,572
E,563,572
E,570,572
E,572,573
E,572,574
V,450
E,443,450
E,448,450
E,449,450
E,450,451
E,450,459
V,934
E,932,934
E,933,934
E,934,971
E,934,972
E,934,978
E,934,988
E,934,990
V,734
E,184,734
E,695,734
E,726,734
E,733,734
E,734,735
V,703
E,176,703
E,701,703
E,702,703
E,703,704
E,703,705
V,673
E,44,673
E,46,673
E,168,673
E,672,673
E,673,674
E,673,731
E,673,802
V,236
E,234,236
E,236,935
E,236,951
E,236,952
E,236,970
V,640
E,25,640
E,385,640
E,386,640
E,387,640
E,388,640
E,629,640
E,639,640
V,834
E,15,834
E,218,834
E,821,834
E,834,836
E,834,837
E,834,838
E,834,839
V,4
E,4,28
E,4,428
E,4,429
E,4,430
E,4,431
E,4,432
V,665
E,13,665
E,163,665
E,647,665
E,665,677
E,665,680
E,665,681
V,7
E,7,26
E,7,391
E,7,398
E,7,400
V,716
E,174,716
E,714,716
E,716,717
E,716,723
E,716,724
E,716,727
V,880
E,815,880
E,879,880
E,880,881
E,880,883
E,880,884
E,880,885
V,800
E,165,800
E,166,800
E,671,800
E,797,800
E,799,800
E,800,803
E,800,805
V,813
E,14,813
E,658,813
E,813,814
E,813,817
E,813,818
V,250
E,231,250
E,250,931
E,250,932
E,250,990
E,250,991
E,250,993
E,250,994
E,250,996
V,811
E,43,811
E,799,811
E,805,811
E,806,811
E,809,811
E,810,811
V,528
E,131,528
E,132,528
E,528,529
E,528,531
E,528,561
V,117
E,117,402
E,117,403
E,117,409
E,117,468
E,117,623
V,403
E,117,403
E,403,404
E,403,409
E,403,466
E,403,468
E,403,470
V,111
E,111,112
E,111,406
E,111,407
E,111,408
E,111,442
V,570
E,137,570
E,145,570
E,564,570
E,570,571
E,570,572
V,206
E,204,206
E,206,207
E,206,791
E,206,824
E,206,825
E,206,826
V,327
E,81,327
E,325,327
E,326,327
E,327,330
E,327,333
V,847
E,55,847
E,212,847
E,843,847
E,844,847
E,845,847
E,846,847
E,847,848
V,760
E,48,760
E,49,760
E,187,760
E,196,760
E,759,760
E,760,778
V,938
E,238,938
E,929,938
E,937,938
E,938,939
E,938,940
E,938,941
V,362
E,90,362
E,91,362
E,361,362
E,362,363
V,731
E,46,731
E,168,731
E,173,731
E,673,731
E,694,731
E,731,732
E,731,736
V,773
E,47,773
E,50,773
E,771,773
E,773,774
E,773,775
E,773,784
V,85
E,84,85
E,85,342
E,85,343
E,85,349
E,85,351
V,771
E,767,771
E,768,771
E,769,771
E,770,771
E,771,772
E,771,773
E,771,774
E,771,784
E,771,831
V,531
E,132,531
E,522,531
E,523,531
E,528,531
E,529,531
E,530,531
E,531,532
E,531,562
V,495
E,486,495
E,494,495
E,495,496
E,495,497
V,90
E,90,357
E,90,358
E,90,360
E,90,361
E,90,362
E,90,363
E,90,364
E,90,394
V,453
E,451,453
E,452,453
E,453,454
E,453,455
V,546
E,31,546
E,119,546
E,152,546
E,542,546
E,543,546
E,546,547
E,546,555
E,546,556
E,546,610
V,355
E,87,355
E,104,355
E,105,355
E,354,355
E,355,357
E,355,364
V,400
E,7,400
E,389,400
E,391,400
E,398,400
E,399,400
E,400,623
V,457
E,115,457
E,452,457
E,455,457
E,456,457
E,457,458
E,457,459
E,457,472
