V,869
E,41,869
E,217,869
E,218,869
E,869,870
E,869,871
E,869,872
E,869,875
E,869,877
V,270
E,70,270
E,265,270
E,266,270
E,269,270
E,270,271
E,270,272
V,787
E,785,787
E,786,787
E,787,788
E,787,789
E,787,796
V,425
E,27,425
E,109,425
E,424,425
E,425,426
E,425,434
E,425,442
V,27
E,27,425
E,27,434
E,27,435
E,27,436
E,27,441
E,27,442
V,332
E,79,332
E,330,332
E,332,333
E,332,336
E,332,337
E,332,339
E,332,340
V,450
E,443,450
E,448,450
E,449,450
E,450,451
E,450,459
V,893
E,888,893
E,890,893
E,891,893
E,893,894
E,893,895
E,893,904
V,656
E,42,656
E,654,656
E,655,656
E,656,882
E,656,891
E,656,892
E,656,894
V,144
E,144,569
E,144,575
E,144,577
E,144,578
E,144,579
E,144,580
V,349
E,85,349
E,341,349
E,342,349
E,348,349
E,349,350
E,349,351
V,862
E,61,862
E,216,862
E,851,862
E,861,862
E,862,1005
E,862,1006
V,1002
E,62,1002
E,1002,1003
E,1002,1004
E,1002,1005
E,1002,1006
E,1002,1007
V,131
E,131,140
E,131,527
E,131,528
E,131,529
E,131,530
E,131,561
E,131,562
V,976
E,243,976
E,244,976
E,965,976
E,974,976
E,976,979
V,283
E,72,283
E,73,283
E,282,283
E,283,290
E,283,291
V,32
E,32,147
E,32,552
E,32,567
E,32,584
V,689
E,37,689
E,38,689
E,689,690
E,689,693
E,689,695
E,689,699
V,503
E,125,503
E,126,503
E,127,503
E,503,511
E,503,520
E,503,521
E,503,538
V,898
E,2,898
E,95,898
E,641,898
E,642,898
E,644,898
E,645,898
E,650,898
E,897,898
V,416
E,71,416
E,106,416
E,107,416
E,356,416
E,413,416
E,415,416
E,416,417
V,496
E,485,496
E,486,496
E,495,496
E,496,497
E,496,499
E,496,502
V,396
E,102,396
E,395,396
E,396,397
E,396,411
E,396,412
V,551
E,34,551
E,119,551
E,545,551
E,551,554
E,551,558
V,223
E,58,223
E,223,881
E,223,884
E,223,885
E,223,886
E,223,888
E,223,890
V,845
E,843,845
E,845,847
E,845,848
E,845,854
E,845,855
V,568
E,552,568
E,553,568
E,558,568
E,565,568
E,566,568
E,567,568
V,18
E,18,80
E,18,81
E,18,312
E,18,313
E,18,330
E,18,331
V,842
E,15,842
E,210,842
E,835,842
E,839,842
E,841,842
E,842,843
E,842,844
V,379
E,23,379
E,25,379
E,99,379
E,377,379
E,379,393
V,73
E,71,73
E,73,282
E,73,283
E,73,284
E,73,286
E,73,289
E,73,290
V,977
E,246,977
E,977,979
E,977,980
V,752
E,180,752
E,721,752
E,750,752
E,751,752
E,752,753
E,752,754
V,651
E,2,651
E,650,651
E,651,652
E,651,654
V,633
E,615,633
E,618,633
E,628,633
E,633,634
V,983
E,981,983
E,983,998
E,983,999
E,983,1016
E,983,1017
E,983,1018
V,876
E,875,876
E,876,878
E,876,879
E,876,925
V,107
E,71,107
E,106,107
E,107,277
E,107,284
E,107,285
E,107,416
E,107,417
E,107,418
V,677
E,13,677
E,163,677
E,170,677
E,665,677
E,666,677
E,675,677
E,677,678
V,129
E,128,129
E,129,517
E,129,519
E,129,520
E,129,524
E,129,526
V,720
E,709,720
E,718,720
E,719,720
E,720,721
E,720,754
V,963
E,21,963
E,242,963
E,243,963
E,963,964
E,963,965
E,963,967
V,547
E,151,547
E,152,547
E,154,547
E,546,547
E,547,609
E,547,610
V,491
E,113,491
E,114,491
E,483,491
E,489,491
E,491,493
V,452
E,451,452
E,452,453
E,452,455
E,452,457
E,452,459
V,334
E,326,334
E,333,334
E,334,336
E,334,946
E,334,947
V,829
E,208,829
E,788,829
E,789,829
E,790,829
E,828,829
E,829,830
V,866
E,863,866
E,864,866
E,866,867
E,866,923
E,866,924
E,866,927
E,866,928
V,592
E,148,592
E,581,592
E,583,592
E,591,592
E,592,594
E,592,688
E,592,690
V,78
E,77,78
E,78,341
E,78,344
E,78,348
E,78,350
V,155
E,153,155
E,155,607
E,155,608
E,155,609
V,727
E,182,727
E,714,727
E,716,727
E,723,727
E,726,727
E,727,728
E,727,730
V,599
E,593,599
E,596,599
E,597,599
E,599,601
E,599,602
E,599,603
V,772
E,47,772
E,195,772
E,770,772
E,771,772
E,772,774
V,962
E,5,962
E,21,962
E,243,962
E,961,962
V,176
E,175,176
E,176,178
E,176,580
E,176,582
E,176,698
E,176,700
E,176,702
E,176,703
E,176,704
V,823
E,51,823
E,204,823
E,219,823
E,812,823
E,820,823
E,823,824
V,405
E,404,405
E,405,406
E,405,460
E,405,463
V,269
E,269,270
E,269,271
E,269,272
E,269,280
V,88
E,72,88
E,87,88
E,88,288
E,88,350
E,88,351
E,88,352
V,565
E,564,565
E,565,566
E,565,567
E,565,568
V,742
E,185,742
E,186,742
E,742,743
E,742,776
E,742,781
V,913
E,82,913
E,336,913
E,337,913
E,367,913
E,368,913
E,369,913
E,911,913
E,912,913
E,913,914
V,799
E,201,799
E,203,799
E,797,799
E,799,800
E,799,805
E,799,806
E,799,807
E,799,811
V,638
E,226,638
E,385,638
E,637,638
E,638,639
E,638,643
E,638,644
V,530
E,131,530
E,527,530
E,529,530
E,530,531
E,530,562
V,634
E,615,634
E,628,634
E,630,634
E,631,634
E,632,634
E,633,634
E,634,635
V,940
E,918,940
E,926,940
E,928,940
E,929,940
E,938,940
E,939,940
E,940,941
E,940,992
V,164
E,13,164
E,164,666
E,164,667
E,164,668
E,164,669
E,164,670
V,843
E,840,843
E,841,843
E,842,843
E,843,844
E,843,845
E,843,847
E,843,855
V,557
E,10,557
E,135,557
E,532,557
E,534,557
E,544,557
E,557,559
V,158
E,149,158
E,158,600
E,158,614
E,158,616
V,121
E,118,121
E,121,475
E,121,476
E,121,477
E,121,478
E,121,479
V,71
E,71,73
E,71,106
E,71,107
E,71,284
E,71,286
E,71,356
E,71,416
V,230
E,221,230
E,224,230
E,230,919
E,230,920
E,230,921
E,230,923
E,230,924
V,12
E,12,173
E,12,732
E,12,733
E,12,735
E,12,747
V,507
E,130,507
E,492,507
E,493,507
E,497,507
E,505,507
E,506,507
E,507,508
E,507,510
V,788
E,786,788
E,787,788
E,788,789
E,788,790
E,788,792
E,788,829
V,282
E,68,282
E,73,282
E,281,282
E,282,283
E,282,284
E,282,291
V,979
E,243,979
E,244,979
E,246,979
E,247,979
E,256,979
E,975,979
E,976,979
E,977,979
E,979,980
V,780
E,199,780
E,779,780
E,780,781
E,780,783
E,780,785
E,780,795
E,780,796
V,677
E,13,677
E,163,677
E,170,677
E,665,677
E,666,677
E,675,677
E,677,678
V,656
E,42,656
E,654,656
E,655,656
E,656,882
E,656,891
E,656,892
E,656,894
V,591
E,583,591
E,586,591
E,590,591
E,591,592
E,591,594
E,591,603
V,449
E,110,449
E,438,449
E,447,449
E,448,449
E,449,450
E,449,451
E,449,454
E,449,493
V,873
E,56,873
E,213,873
E,858,873
E,859,873
E,870,873
E,872,873
E,873,874
V,731
E,46,731
E,168,731
E,173,731
E,673,731
E,694,731
E,731,732
E,731,736
V,695
E,37,695
E,173,695
E,689,695
E,693,695
E,694,695
E,695,696
E,695,697
E,695,698
E,695,726
E,695,728
E,695,733
E,695,734
V,80
E,18,80
E,79,80
E,80,329
E,80,330
E,80,331
V,295
E,19,295
E,74,295
E,75,295
E,76,295
E,293,295
E,295,304
V,533
E,120,533
E,135,533
E,533,534
E,533,535
E,533,536
E,533,543
E,533,544
V,810
E,205,810
E,806,810
E,809,810
E,810,811
E,810,825
E,810,826
V,961
E,5,961
E,21,961
E,239,961
E,960,961
E,961,962
V,636
E,39,636
E,159,636
E,598,636
E,635,636
E,636,683
V,975
E,244,975
E,245,975
E,247,975
E,975,979
V,45
E,11,45
E,45,52
E,45,798
V,577
E,35,577
E,144,577
E,573,577
E,575,577
E,576,577
E,577,578
V,59
E,59,245
E,59,247
E,59,972
E,59,978
E,59,980
V,247
E,59,247
E,245,247
E,247,975
E,247,979
E,247,980
V,791
E,205,791
E,206,791
E,207,791
E,791,792
E,791,808
E,791,825
V,203
E,197,203
E,201,203
E,203,793
E,203,798
E,203,799
E,203,807
E,203,808
V,839
E,15,839
E,834,839
E,838,839
E,839,840
E,839,841
E,839,842
E,839,856
V,667
E,13,667
E,164,667
E,659,667
E,661,667
E,667,669
V,248
E,248,987
E,248,988
E,248,989
E,248,990
V,65
E,1,65
E,65,66
E,65,243
E,65,261
E,65,299
E,65,300
E,65,301
V,938
E,238,938
E,929,938
E,937,938
E,938,939
E,938,940
E,938,941
V,638
E,226,638
E,385,638
E,637,638
E,638,639
E,638,643
E,638,644
V,188
E,188,191
E,188,755
E,188,757
E,188,758
E,188,763
V,852
E,54,852
E,213,852
E,216,852
E,849,852
E,852,853
E,852,1007
V,831
E,211,831
E,771,831
E,784,831
E,785,831
E,789,831
E,827,831
E,831,833
E,831,835
E,831,846
E,831,1014
V,60
E,60,61
E,60,232
E,60,995
E,60,996
E,60,997
E,60,1000
V,768
E,193,768
E,767,768
E,768,769
E,768,771
V,4
E,4,28
E,4,428
E,4,429
E,4,430
E,4,431
E,4,432
V,93
E,24,93
E,93,94
E,93,366
E,93,367
E,93,369
E,93,370
E,93,372
V,514
E,189,514
E,493,514
E,510,514
E,513,514
E,514,516
E,514,561
E,514,574
V,266
E,67,266
E,70,266
E,265,266
E,266,267
E,266,268
E,266,270
V,933
E,234,933
E,235,933
E,930,933
E,932,933
E,933,934
E,933,935
E,933,936
E,933,971
V,772
E,47,772
E,195,772
E,770,772
E,771,772
E,772,774
V,902
E,901,902
E,902,903
E,902,904
E,902,907
V,376
E,24,376
E,91,376
E,99,376
E,361,376
E,375,376
E,376,394
V,859
E,858,859
E,859,860
E,859,861
E,859,873
E,859,874
V,647
E,13,647
E,646,647
E,647,648
E,647,649
E,647,664
E,647,665
E,647,681
E,647,682
E,647,684
V,1014
E,64,1014
E,214,1014
E,252,1014
E,256,1014
E,831,1014
E,846,1014
E,1012,1014
E,1014,1015
E,1014,1024
V,535
E,120,535
E,135,535
E,522,535
E,532,535
E,533,535
V,459
E,443,459
E,445,459
E,450,459
E,451,459
E,452,459
E,457,459
E,458,459
E,459,460
V,361
E,90,361
E,91,361
E,361,362
E,361,376
E,361,394
V,237
E,22,237
E,235,237
E,237,238
E,237,942
E,237,944
E,237,950
E,237,951
V,159
E,159,161
E,159,596
E,159,597
E,159,598
E,159,636
E,159,683
E,159,685
V,349
E,85,349
E,341,349
E,342,349
E,348,349
E,349,350
E,349,351
V,858
E,858,859
E,858,860
E,858,870
E,858,871
E,858,873
V,824
E,204,824
E,206,824
E,809,824
E,812,824
E,823,824
E,824,826
V,331
E,18,331
E,80,331
E,313,331
E,329,331
E,331,345
V,973
E,233,973
E,952,973
E,968,973
E,970,973
V,505
E,497,505
E,498,505
E,499,505
E,505,506
E,505,507
V,1015
E,64,1015
E,251,1015
E,253,1015
E,1014,1015
E,1015,1024
V,488
E,483,488
E,486,488
E,487,488
E,488,489
V,508
E,126,508
E,127,508
E,130,508
E,506,508
E,507,508
V,210
E,210,833
E,210,835
E,210,842
E,210,844
V,190
E,189,190
E,190,753
E,190,754
E,190,756
V,414
E,103,414
E,356,414
E,410,414
E,411,414
E,414,415
V,966
E,965,966
E,966,967
E,966,968
E,966,969
E,966,974
V,958
E,240,958
E,241,958
E,321,958
E,323,958
E,958,959
V,159
E,159,161
E,159,596
E,159,597
E,159,598
E,159,636
E,159,683
E,159,685
V,185
E,185,186
E,185,199
E,185,200
E,185,741
E,185,742
E,185,781
V,866
E,863,866
E,864,866
E,866,867
E,866,923
E,866,924
E,866,927
E,866,928
V,188
E,188,191
E,188,755
E,188,757
E,188,758
E,188,763
V,502
E,123,502
E,485,502
E,496,502
E,499,502
E,501,502
E,502,540
V,550
E,29,550
E,150,550
E,549,550
E,550,587
E,550,588
E,550,605
V,539
E,122,539
E,123,539
E,536,539
E,537,539
E,539,543
V,855
E,56,855
E,215,855
E,840,855
E,843,855
E,845,855
E,854,855
E,855,856
V,25
E,23,25
E,25,377
E,25,379
E,25,387
E,25,388
E,25,640
V,878
E,875,878
E,876,878
E,877,878
E,878,879
V,940
E,918,940
E,926,940
E,928,940
E,929,940
E,938,940
E,939,940
E,940,941
E,940,992
V,395
E,101,395
E,103,395
E,395,396
E,395,397
E,395,411
V,284
E,71,284
E,73,284
E,107,284
E,279,284
E,281,284
E,282,284
E,284,285
V,617
E,156,617
E,613,617
E,615,617
E,617,618
E,617,628
V,289
E,72,289
E,73,289
E,286,289
E,287,289
E,288,289
E,289,290
E,289,353
V,261
E,65,261
E,67,261
E,260,261
E,261,262
E,261,299
V,596
E,159,596
E,161,596
E,593,596
E,595,596
E,596,597
E,596,599
V,755
E,188,755
E,192,755
E,755,758
E,755,761
E,755,763
V,621
E,30,621
E,153,621
E,608,621
E,611,621
E,613,621
E,619,621
E,620,621
E,621,622
V,39
E,39,632
E,39,635
E,39,636
E,39,637
E,39,683
V,479
E,31,479
E,121,479
E,477,479
E,478,479
E,479,480
E,479,610
V,60
E,60,61
E,60,232
E,60,995
E,60,996
E,60,997
E,60,1000
V,292
E,19,292
E,72,292
E,77,292
E,291,292
E,292,294
E,292,310
E,292,347
E,292,350
V,723
E,180,723
E,181,723
E,182,723
E,716,723
E,722,723
E,723,724
E,723,727
E,723,750
V,943
E,227,943
E,228,943
E,229,943
E,906,943
E,908,943
E,911,943
E,914,943
E,942,943
V,420
E,108,420
E,417,420
E,418,420
E,419,420
E,420,421
E,420,422
V,421
E,108,421
E,274,421
E,420,421
E,421,422
E,421,428
E,421,429
E,421,430
V,685
E,159,685
E,161,685
E,162,685
E,163,685
E,680,685
E,681,685
E,683,685
E,685,686
V,616
E,158,616
E,597,616
E,598,616
E,600,616
E,614,616
E,615,616
E,616,635
V,804
E,14,804
E,165,804
E,659,804
E,669,804
E,670,804
E,803,804
E,804,814
V,300
E,1,300
E,6,300
E,65,300
E,66,300
E,300,302
V,349
E,85,349
E,341,349
E,342,349
E,348,349
E,349,350
E,349,351
V,717
E,174,717
E,715,717
E,716,717
E,717,718
E,717,724
V,769
E,193,769
E,762,769
E,764,769
E,768,769
E,769,770
E,769,771
V,1003
E,62,1003
E,997,1003
E,998,1003
E,1001,1003
E,1002,1003
E,1003,1004
E,1003,1016
V,686
E,162,686
E,163,686
E,678,686
E,679,686
E,685,686
E,686,687
V,625
E,30,625
E,156,625
E,157,625
E,389,625
E,620,625
E,624,625
V,836
E,41,836
E,220,836
E,821,836
E,832,836
E,834,836
E,836,837
V,159
E,159,161
E,159,596
E,159,597
E,159,598
E,159,636
E,159,683
E,159,685
V,51
E,51,204
E,51,219
E,51,220
E,51,823
V,180
E,179,180
E,180,181
E,180,723
E,180,750
E,180,751
E,180,752
V,420
E,108,420
E,417,420
E,418,420
E,419,420
E,420,421
E,420,422
V,343
E,83,343
E,84,343
E,85,343
E,86,343
E,343,351
E,343,352
V,84
E,83,84
E,84,85
E,84,339
E,84,340
E,84,342
E,84,343
V,714
E,174,714
E,713,714
E,714,716
E,714,727
E,714,730
V,427
E,424,427
E,426,427
E,427,428
E,427,432
V,535
E,120,535
E,135,535
E,522,535
E,532,535
E,533,535
V,967
E,242,967
E,953,967
E,955,967
E,963,967
E,965,967
E,966,967
E,967,969
V,152
E,29,152
E,119,152
E,151,152
E,152,545
E,152,546
E,152,547
E,152,548
V,480
E,31,480
E,124,480
E,477,480
E,479,480
E,480,481
E,480,541
E,480,542
V,765
E,193,765
E,763,765
E,764,765
E,765,766
E,765,767
V,252
E,64,252
E,252,1011
E,252,1012
E,252,1014
V,742
E,185,742
E,186,742
E,742,743
E,742,776
E,742,781
V,845
E,843,845
E,845,847
E,845,848
E,845,854
E,845,855
V,297
E,6,297
E,68,297
E,294,297
E,296,297
E,297,302
E,297,303
V,588
E,549,588
E,550,588
E,587,588
E,588,589
V,155
E,153,155
E,155,607
E,155,608
E,155,609
V,1001
E,62,1001
E,253,1001
E,1001,1003
E,1001,1010
E,1001,1016
E,1001,1017
E,1001,1019
V,36
E,36,146
E,36,581
E,36,582
E,36,699
E,36,700
V,857
E,213,857
E,216,857
E,853,857
E,857,861
E,857,874
V,596
E,159,596
E,161,596
E,593,596
E,595,596
E,596,597
E,596,599
V,392
E,23,392
E,26,392
E,100,392
E,101,392
E,391,392
E,392,393
V,997
E,60,997
E,61,997
E,997,998
E,997,1000
E,997,1003
E,997,1004
