V,208
E,208,789
E,208,827
E,208,829
E,208,830
V,79
E,79,80
E,79,329
E,79,330
E,79,332
E,79,340
E,79,341
E,79,342
E,79,345
V,17
E,17,335
E,17,338
E,17,339
E,17,365
E,17,368
V,119
E,119,152
E,119,545
E,119,546
E,119,551
E,119,554
E,119,555
E,119,556
V,589
E,147,589
E,549,589
E,586,589
E,587,589
E,588,589
E,589,590
V,956
E,3,956
E,16,956
E,21,956
E,241,956
E,242,956
E,955,956
E,956,959
E,956,960
E,956,964
V,542
E,31,542
E,122,542
E,480,542
E,541,542
E,542,543
E,542,546
V,719
E,178,719
E,189,719
E,576,719
E,709,719
E,719,720
E,719,754
V,862
E,61,862
E,216,862
E,851,862
E,861,862
E,862,1005
E,862,1006
V,337
E,332,337
E,335,337
E,336,337
E,337,339
E,337,368
E,337,913
V,865
E,232,865
E,864,865
E,865,867
E,865,868
E,865,994
E,865,995
V,786
E,786,787
E,786,788
E,786,792
E,786,793
E,786,794
E,786,796
E,786,808
V,547
E,151,547
E,152,547
E,154,547
E,546,547
E,547,609
E,547,610
V,734
E,184,734
E,695,734
E,726,734
E,733,734
E,734,735
V,910
E,370,910
E,371,910
E,372,910
E,382,910
E,899,910
E,900,910
E,910,915
V,11
E,11,45
E,11,52
E,11,202
E,11,739
E,11,798
V,16
E,3,16
E,16,240
E,16,241
E,16,323
E,16,949
E,16,956
E,16,957
V,583
E,147,583
E,581,583
E,583,584
E,583,586
E,583,591
E,583,592
V,78
E,77,78
E,78,341
E,78,344
E,78,348
E,78,350
V,268
E,67,268
E,259,268
E,266,268
E,267,268
V,874
E,213,874
E,857,874
E,859,874
E,861,874
E,873,874
V,431
E,4,431
E,28,431
E,110,431
E,273,431
E,431,432
E,431,433
V,859
E,858,859
E,859,860
E,859,861
E,859,873
E,859,874
V,720
E,709,720
E,718,720
E,719,720
E,720,721
E,720,754
V,624
E,30,624
E,389,624
E,623,624
E,624,625
V,954
E,3,954
E,948,954
E,950,954
E,953,954
E,954,955
V,289
E,72,289
E,73,289
E,286,289
E,287,289
E,288,289
E,289,290
E,289,353
V,142
E,141,142
E,142,143
E,142,561
E,142,563
E,142,574
V,721
E,718,721
E,720,721
E,721,722
E,721,724
E,721,750
E,721,752
E,721,754
V,842
E,15,842
E,210,842
E,835,842
E,839,842
E,841,842
E,842,843
E,842,844
V,235
E,234,235
E,235,237
E,235,238
E,235,933
E,235,936
E,235,937
E,235,951
V,855
E,56,855
E,215,855
E,840,855
E,843,855
E,845,855
E,854,855
E,855,856
V,502
E,123,502
E,485,502
E,496,502
E,499,502
E,501,502
E,502,540
V,38
E,38,148
E,38,581
E,38,689
E,38,690
E,38,699
V,786
E,786,787
E,786,788
E,786,792
E,786,793
E,786,794
E,786,796
E,786,808
V,684
E,226,684
E,646,684
E,647,684
E,681,684
E,682,684
E,683,684
V,248
E,248,987
E,248,988
E,248,989
E,248,990
V,496
E,485,496
E,486,496
E,495,496
E,496,497
E,496,499
E,496,502
V,1007
E,53,1007
E,54,1007
E,62,1007
E,216,1007
E,851,1007
E,852,1007
E,1002,1007
E,1006,1007
E,1007,1009
V,849
E,54,849
E,55,849
E,213,849
E,848,849
E,849,852
E,849,854
V,764
E,193,764
E,762,764
E,763,764
E,764,765
E,764,769
V,10
E,10,134
E,10,138
E,10,532
E,10,557
E,10,559
E,10,562
V,32
E,32,147
E,32,552
E,32,567
E,32,584
V,782
E,50,782
E,776,782
E,781,782
E,782,783
E,782,784
V,200
E,52,200
E,185,200
E,186,200
E,199,200
E,200,740
E,200,741
V,126
E,125,126
E,126,127
E,126,498
E,126,503
E,126,504
E,126,506
E,126,508
V,638
E,226,638
E,385,638
E,637,638
E,638,639
E,638,643
E,638,644
V,322
E,20,322
E,317,322
E,319,322
E,320,322
E,321,322
V,399
E,102,399
E,397,399
E,398,399
E,399,400
E,399,401
E,399,402
E,399,623
V,167
E,167,183
E,167,737
E,167,745
E,167,746
E,167,747
E,167,748
V,535
E,120,535
E,135,535
E,522,535
E,532,535
E,533,535
V,614
E,149,614
E,158,614
E,607,614
E,613,614
E,614,615
E,614,616
V,212
E,55,212
E,212,214
E,212,846
E,212,847
E,212,850
V,1012
E,214,1012
E,252,1012
E,1008,1012
E,1011,1012
E,1012,1014
V,692
E,169,692
E,171,692
E,172,692
E,676,692
E,688,692
E,690,692
E,691,692
E,692,693
V,390
E,8,390
E,157,390
E,388,390
E,389,390
E,390,391
E,390,626
V,753
E,190,753
E,751,753
E,752,753
E,753,754
E,753,756
E,753,758
V,991
E,250,991
E,989,991
E,990,991
E,991,996
E,991,1000
V,710
E,175,710
E,696,710
E,702,710
E,708,710
E,710,711
E,710,713
E,710,715
V,435
E,27,435
E,110,435
E,433,435
E,434,435
E,435,436
E,435,438
V,106
E,71,106
E,106,107
E,106,416
V,1
E,1,65
E,1,243
E,1,300
E,1,302
E,1,303
E,1,304
E,1,306
E,1,316
E,1,318
V,393
E,23,393
E,99,393
E,100,393
E,359,393
E,379,393
E,392,393
E,393,394
V,406
E,111,406
E,112,406
E,404,406
E,405,406
E,406,408
E,406,444
E,406,445
E,406,460
V,149
E,149,158
E,149,600
E,149,605
E,149,606
E,149,607
E,149,614
V,89
E,89,100
E,89,101
E,89,358
E,89,359
E,89,360
V,35
E,35,572
E,35,573
E,35,574
E,35,576
E,35,577
V,434
E,27,434
E,425,434
E,426,434
E,432,434
E,433,434
E,434,435
V,841
E,839,841
E,840,841
E,841,842
E,841,843
V,696
E,175,696
E,695,696
E,696,697
E,696,698
E,696,710
E,696,711
V,746
E,167,746
E,187,746
E,744,746
E,745,746
E,746,748
E,746,749
E,746,751
V,536
E,120,536
E,136,536
E,533,536
E,536,537
E,536,539
E,536,543
V,755
E,188,755
E,192,755
E,755,758
E,755,761
E,755,763
V,280
E,264,280
E,269,280
E,271,280
E,272,280
E,278,280
E,279,280
E,280,281
E,280,298
V,769
E,193,769
E,762,769
E,764,769
E,768,769
E,769,770
E,769,771
V,231
E,231,250
E,231,863
E,231,931
E,231,992
E,231,993
V,232
E,60,232
E,61,232
E,232,860
E,232,861
E,232,865
E,232,868
E,232,871
E,232,995
V,144
E,144,569
E,144,575
E,144,577
E,144,578
E,144,579
E,144,580
V,866
E,863,866
E,864,866
E,866,867
E,866,923
E,866,924
E,866,927
E,866,928
V,513
E,510,513
E,512,513
E,513,514
E,513,516
E,513,518
V,405
E,404,405
E,405,406
E,405,460
E,405,463
V,491
E,113,491
E,114,491
E,483,491
E,489,491
E,491,493
V,678
E,163,678
E,170,678
E,171,678
E,677,678
E,678,679
E,678,686
V,71
E,71,73
E,71,106
E,71,107
E,71,284
E,71,286
E,71,356
E,71,416
V,808
E,203,808
E,205,808
E,786,808
E,791,808
E,792,808
E,793,808
E,807,808
V,122
E,122,123
E,122,539
E,122,541
E,122,542
E,122,543
V,851
E,216,851
E,851,862
E,851,1006
E,851,1007
V,43
E,43,166
E,43,805
E,43,809
E,43,811
E,43,812
E,43,814
V,591
E,583,591
E,586,591
E,590,591
E,591,592
E,591,594
E,591,603
V,687
E,161,687
E,162,687
E,172,687
E,679,687
E,686,687
E,687,688
V,921
E,224,921
E,227,921
E,230,921
E,905,921
E,920,921
E,921,922
V,1007
E,53,1007
E,54,1007
E,62,1007
E,216,1007
E,851,1007
E,852,1007
E,1002,1007
E,1006,1007
E,1007,1009
V,848
E,55,848
E,845,848
E,847,848
E,848,849
E,848,854
V,937
E,235,937
E,238,937
E,929,937
E,936,937
E,937,938
V,940
E,918,940
E,926,940
E,928,940
E,929,940
E,938,940
E,939,940
E,940,941
E,940,992
V,528
E,131,528
E,132,528
E,528,529
E,528,531
E,528,561
V,766
E,191,766
E,756,766
E,763,766
E,765,766
E,766,767
V,982
E,246,982
E,256,982
E,980,982
E,981,982
E,982,1018
E,982,1020
V,322
E,20,322
E,317,322
E,319,322
E,320,322
E,321,322
V,16
E,3,16
E,16,240
E,16,241
E,16,323
E,16,949
E,16,956
E,16,957
V,60
E,60,61
E,60,232
E,60,995
E,60,996
E,60,997
E,60,1000
V,623
E,30,623
E,117,623
E,389,623
E,399,623
E,400,623
E,402,623
E,468,623
E,622,623
E,623,624
V,210
E,210,833
E,210,835
E,210,842
E,210,844
V,151
E,29,151
E,151,152
E,151,547
E,151,605
E,151,607
E,151,609
V,122
E,122,123
E,122,539
E,122,541
E,122,542
E,122,543
V,81
E,18,81
E,81,312
E,81,317
E,81,325
E,81,327
E,81,328
E,81,330
V,1012
E,214,1012
E,252,1012
E,1008,1012
E,1011,1012
E,1012,1014
V,753
E,190,753
E,751,753
E,752,753
E,753,754
E,753,756
E,753,758
V,716
E,174,716
E,714,716
E,716,717
E,716,723
E,716,724
E,716,727
V,34
E,34,138
E,34,551
E,34,554
E,34,558
E,34,559
E,34,560
E,34,564
E,34,566
V,739
E,11,739
E,52,739
E,186,739
E,202,739
E,737,739
E,738,739
E,739,745
E,739,801
V,396
E,102,396
E,395,396
E,396,397
E,396,411
E,396,412
V,162
E,161,162
E,162,685
E,162,686
E,162,687
V,319
E,20,319
E,317,319
E,318,319
E,319,322
V,652
E,2,652
E,651,652
E,652,654
E,652,894
E,652,895
E,652,896
V,35
E,35,572
E,35,573
E,35,574
E,35,576
E,35,577
V,59
E,59,245
E,59,247
E,59,972
E,59,978
E,59,980
V,213
E,56,213
E,213,849
E,213,852
E,213,853
E,213,854
E,213,857
E,213,873
E,213,874
V,426
E,424,426
E,425,426
E,426,427
E,426,432
E,426,434
V,734
E,184,734
E,695,734
E,726,734
E,733,734
E,734,735
V,275
E,70,275
E,272,275
E,274,275
E,275,276
E,275,278
V,12
E,12,173
E,12,732
E,12,733
E,12,735
E,12,747
V,133
E,132,133
E,133,523
E,133,524
E,133,525
V,18
E,18,80
E,18,81
E,18,312
E,18,313
E,18,330
E,18,331
V,111
E,111,112
E,111,406
E,111,407
E,111,408
E,111,442
V,0
V,735
E,12,735
E,184,735
E,733,735
E,734,735
E,735,747
V,35
E,35,572
E,35,573
E,35,574
E,35,576
E,35,577
V,984
E,981,984
E,984,985
E,984,986
V,231
E,231,250
E,231,863
E,231,931
E,231,992
E,231,993
V,494
E,486,494
E,489,494
E,492,494
E,494,495
E,494,497
V,376
E,24,376
E,91,376
E,99,376
E,361,376
E,375,376
E,376,394
V,833
E,210,833
E,831,833
E,833,835
E,833,844
E,833,846
V,36
E,36,146
E,36,581
E,36,582
E,36,699
E,36,700
V,135
E,135,532
E,135,533
E,135,534
E,135,535
E,135,557
V,187
E,49,187
E,186,187
E,187,196
E,187,743
E,187,744
E,187,746
E,187,751
E,187,760
E,187,777
V,131
E,131,140
E,131,527
E,131,528
E,131,529
E,131,530
E,131,561
E,131,562
V,554
E,34,554
E,119,554
E,551,554
E,554,555
E,554,559
V,260
E,67,260
E,257,260
E,258,260
E,259,260
E,260,261
V,113
E,113,114
E,113,454
E,113,491
E,113,493
V,686
E,162,686
E,163,686
E,678,686
E,679,686
E,685,686
E,686,687
V,231
E,231,250
E,231,863
E,231,931
E,231,992
E,231,993
V,449
E,110,449
E,438,449
E,447,449
E,448,449
E,449,450
E,449,451
E,449,454
E,449,493
V,874
E,213,874
E,857,874
E,859,874
E,861,874
E,873,874
V,480
E,31,480
E,124,480
E,477,480
E,479,480
E,480,481
E,480,541
E,480,542
V,981
E,980,981
E,981,982
E,981,983
E,981,984
E,981,985
E,981,986
E,981,999
E,981,1018
V,13
E,13,164
E,13,647
E,13,648
E,13,661
E,13,665
E,13,666
E,13,667
E,13,677
V,846
E,212,846
E,214,846
E,831,846
E,833,846
E,844,846
E,846,847
E,846,1014
V,930
E,929,930
E,930,931
E,930,932
E,930,933
E,930,936
V,539
E,122,539
E,123,539
E,536,539
E,537,539
E,539,543
V,898
E,2,898
E,95,898
E,641,898
E,642,898
E,644,898
E,645,898
E,650,898
E,897,898
V,684
E,226,684
E,646,684
E,647,684
E,681,684
E,682,684
E,683,684
V,94
E,93,94
E,94,369
E,94,370
E,94,371
E,94,912
V,969
E,951,969
E,953,969
E,966,969
E,967,969
E,968,969
E,969,970
V,1009
E,53,1009
E,62,1009
E,1007,1009
E,1008,1009
E,1009,1010
V,683
E,39,683
E,159,683
E,226,683
E,636,683
E,637,683
E,681,683
E,683,684
E,683,685
V,223
E,58,223
E,223,881
E,223,884
E,223,885
E,223,886
E,223,888
E,223,890
V,328
E,81,328
E,317,328
E,320,328
E,321,328
E,323,328
E,325,328
V,809
E,43,809
E,809,810
E,809,811
E,809,812
E,809,824
E,809,826
V,30
E,30,620
E,30,621
E,30,622
E,30,623
E,30,624
E,30,625
V,85
E,84,85
E,85,342
E,85,343
E,85,349
E,85,351
V,81
E,18,81
E,81,312
E,81,317
E,81,325
E,81,327
E,81,328
E,81,330
V,640
E,25,640
E,385,640
E,386,640
E,387,640
E,388,640
E,629,640
E,639,640
V,509
E,127,509
E,130,509
E,509,510
E,509,511
V,1008
E,53,1008
E,214,1008
E,1008,1009
E,1008,1010
E,1008,1011
E,1008,1012
V,245
E,59,245
E,244,245
E,245,247
E,245,972
E,245,974
E,245,975
V,428
E,4,428
E,421,428
E,422,428
E,424,428
E,427,428
E,428,429
E,428,432
V,1008
E,53,1008
E,214,1008
E,1008,1009
E,1008,1010
E,1008,1011
E,1008,1012
V,783
E,780,783
E,781,783
E,782,783
E,783,784
E,783,785
V,60
E,60,61
E,60,232
E,60,995
E,60,996
E,60,997
E,60,1000
V,261
E,65,261
E,67,261
E,260,261
E,261,262
E,261,299
V,594
E,591,594
E,592,594
E,593,594
E,594,595
E,594,603
E,594,688
V,575
E,144,575
E,178,575
E,575,576
E,575,577
E,575,580
V,835
E,15,835
E,210,835
E,211,835
E,831,835
E,832,835
E,833,835
E,835,842
V,224
E,57,224
E,221,224
E,224,230
E,224,886
E,224,921
E,224,922
E,224,925
V,451
E,449,451
E,450,451
E,451,452
E,451,453
E,451,454
E,451,459
V,698
E,37,698
E,175,698
E,176,698
E,695,698
E,696,698
E,698,699
E,698,700
V,332
E,79,332
E,330,332
E,332,333
E,332,336
E,332,337
E,332,339
E,332,340
V,26
E,7,26
E,26,101
E,26,391
E,26,392
E,26,398
V,926
E,917,926
E,918,926
E,926,927
E,926,928
E,926,940
V,343
E,83,343
E,84,343
E,85,343
E,86,343
E,343,351
E,343,352
V,177
E,177,701
E,177,705
E,177,706
E,177,707
E,177,709
V,628
E,156,628
E,617,628
E,618,628
E,627,628
E,628,631
E,628,633
E,628,634
V,395
E,101,395
E,103,395
E,395,396
E,395,397
E,395,411
V,758
E,49,758
E,188,758
E,751,758
E,753,758
E,755,758
E,756,758
E,757,758
E,758,759
E,758,761
V,861
E,61,861
E,216,861
E,232,861
E,857,861
E,859,861
E,860,861
E,861,862
E,861,874
V,676
E,169,676
E,170,676
E,171,676
E,675,676
E,676,692
V,985
E,249,985
E,981,985
E,984,985
E,985,986
E,985,987
E,985,988
E,985,999
V,111
E,111,112
E,111,406
E,111,407
E,111,408
E,111,442
V,330
E,18,330
E,79,330
E,80,330
E,81,330
E,327,330
E,330,332
E,330,333
V,459
E,443,459
E,445,459
E,450,459
E,451,459
E,452,459
E,457,459
E,458,459
E,459,460
V,421
E,108,421
E,274,421
E,420,421
E,421,422
E,421,428
E,421,429
E,421,430
V,716
E,174,716
E,714,716
E,716,717
E,716,723
E,716,724
E,716,727
V,594
E,591,594
E,592,594
E,593,594
E,594,595
E,594,603
E,594,688
V,657
E,42,657
E,222,657
E,657,658
E,657,660
E,657,882
E,657,883
V,359
E,89,359
E,100,359
E,359,360
E,359,393
E,359,394
V,415
E,356,415
E,410,415
E,413,415
E,414,415
E,415,416
V,294
E,19,294
E,68,294
E,76,294
E,291,294
E,292,294
E,294,296
E,294,297
V,86
E,83,86
E,86,87
E,86,343
E,86,352
E,86,363
E,86,364
V,360
E,89,360
E,90,360
E,358,360
E,359,360
E,360,394
V,538
E,125,538
E,503,538
E,504,538
E,521,538
E,537,538
V,895
E,652,895
E,893,895
E,894,895
E,895,896
E,895,904
V,329
E,79,329
E,80,329
E,329,331
E,329,345
V,914
E,908,914
E,911,914
E,912,914
E,913,914
E,914,915
E,914,943
V,953
E,950,953
E,951,953
E,953,954
E,953,955
E,953,967
E,953,969
