V,391
E,7,391
E,23,391
E,26,391
E,388,391
E,389,391
E,390,391
E,391,392
E,391,400
V,956
E,3,956
E,16,956
E,21,956
E,241,956
E,242,956
E,955,956
E,956,959
E,956,960
E,956,964
V,759
E,49,759
E,758,759
E,759,760
E,759,761
E,759,778
V,444
E,112,444
E,406,444
E,444,445
E,444,446
E,444,447
V,864
E,863,864
E,864,865
E,864,866
E,864,867
E,864,993
E,864,994
V,129
E,128,129
E,129,517
E,129,519
E,129,520
E,129,524
E,129,526
V,283
E,72,283
E,73,283
E,282,283
E,283,290
E,283,291
V,19
E,19,74
E,19,76
E,19,292
E,19,294
E,19,295
E,19,310
V,430
E,4,430
E,28,430
E,274,430
E,421,430
E,429,430
V,75
E,75,76
E,75,295
E,75,303
E,75,304
V,522
E,120,522
E,136,522
E,522,523
E,522,531
E,522,532
E,522,535
V,282
E,68,282
E,73,282
E,281,282
E,282,283
E,282,284
E,282,291
V,975
E,244,975
E,245,975
E,247,975
E,975,979
V,24
E,24,91
E,24,92
E,24,93
E,24,366
E,24,372
E,24,374
E,24,375
E,24,376
V,180
E,179,180
E,180,181
E,180,723
E,180,750
E,180,751
E,180,752
V,587
E,150,587
E,550,587
E,587,588
E,587,589
E,587,590
E,587,604
V,962
E,5,962
E,21,962
E,243,962
E,961,962
V,987
E,248,987
E,249,987
E,985,987
E,987,988
E,987,989
V,350
E,72,350
E,77,350
E,78,350
E,88,350
E,292,350
E,348,350
E,349,350
E,350,351
V,847
E,55,847
E,212,847
E,843,847
E,844,847
E,845,847
E,846,847
E,847,848
V,869
E,41,869
E,217,869
E,218,869
E,869,870
E,869,871
E,869,872
E,869,875
E,869,877
V,733
E,12,733
E,173,733
E,695,733
E,733,734
E,733,735
V,345
E,79,345
E,313,345
E,329,345
E,331,345
E,341,345
E,344,345
E,345,346
V,614
E,149,614
E,158,614
E,607,614
E,613,614
E,614,615
E,614,616
V,403
E,117,403
E,403,404
E,403,409
E,403,466
E,403,468
E,403,470
V,628
E,156,628
E,617,628
E,618,628
E,627,628
E,628,631
E,628,633
E,628,634
V,238
E,229,238
E,235,238
E,237,238
E,238,916
E,238,937
E,238,938
E,238,941
E,238,942
V,406
E,111,406
E,112,406
E,404,406
E,405,406
E,406,408
E,406,444
E,406,445
E,406,460
V,444
E,112,444
E,406,444
E,444,445
E,444,446
E,444,447
V,185
E,185,186
E,185,199
E,185,200
E,185,741
E,185,742
E,185,781
V,689
E,37,689
E,38,689
E,689,690
E,689,693
E,689,695
E,689,699
V,821
E,15,821
E,821,832
E,821,834
E,821,836
V,348
E,78,348
E,341,348
E,348,349
E,348,350
V,115
E,9,115
E,115,456
E,115,457
E,115,472
E,115,490
V,992
E,231,992
E,863,992
E,928,992
E,929,992
E,931,992
E,940,992
V,924
E,230,924
E,866,924
E,917,924
E,919,924
E,923,924
E,924,927
V,299
E,65,299
E,66,299
E,261,299
E,262,299
E,299,301
V,1014
E,64,1014
E,214,1014
E,252,1014
E,256,1014
E,831,1014
E,846,1014
E,1012,1014
E,1014,1015
E,1014,1024
V,311
E,305,311
E,308,311
E,309,311
E,310,311
E,311,312
E,311,313
E,311,315
E,311,346
V,731
E,46,731
E,168,731
E,173,731
E,673,731
E,694,731
E,731,732
E,731,736
V,312
E,18,312
E,81,312
E,311,312
E,312,313
E,312,314
E,312,315
E,312,317
V,98
E,97,98
E,98,99
E,98,375
E,98,377
E,98,378
E,98,380
V,679
E,171,679
E,172,679
E,678,679
E,679,686
E,679,687
V,342
E,79,342
E,84,342
E,85,342
E,340,342
E,341,342
E,342,349
V,748
E,167,748
E,183,748
E,725,748
E,746,748
E,748,749
V,611
E,118,611
E,153,611
E,478,611
E,611,612
E,611,621
E,611,622
V,333
E,326,333
E,327,333
E,330,333
E,332,333
E,333,334
E,333,336
V,362
E,90,362
E,91,362
E,361,362
E,362,363
V,800
E,165,800
E,166,800
E,671,800
E,797,800
E,799,800
E,800,803
E,800,805
V,146
E,36,146
E,146,567
E,146,581
E,146,582
E,146,584
E,146,585
V,498
E,126,498
E,498,499
E,498,500
E,498,501
E,498,504
E,498,505
E,498,506
V,580
E,144,580
E,176,580
E,178,580
E,575,580
E,579,580
E,580,582
V,50
E,50,773
E,50,775
E,50,776
E,50,777
E,50,782
E,50,784
V,413
E,109,413
E,407,413
E,410,413
E,413,415
E,413,416
E,413,417
E,413,423
V,978
E,59,978
E,934,978
E,972,978
E,978,980
E,978,986
E,978,988
V,631
E,627,631
E,628,631
E,629,631
E,630,631
E,631,634
V,394
E,90,394
E,99,394
E,359,394
E,360,394
E,361,394
E,376,394
E,393,394
V,664
E,647,664
E,648,664
E,649,664
E,662,664
E,663,664
V,165
E,165,670
E,165,671
E,165,672
E,165,800
E,165,803
E,165,804
V,507
E,130,507
E,492,507
E,493,507
E,497,507
E,505,507
E,506,507
E,507,508
E,507,510
V,256
E,243,256
E,246,256
E,256,979
E,256,982
E,256,1014
E,256,1020
E,256,1023
E,256,1024
V,641
E,95,641
E,160,641
E,383,641
E,384,641
E,641,642
E,641,898
V,559
E,10,559
E,34,559
E,138,559
E,544,559
E,554,559
E,555,559
E,557,559
V,393
E,23,393
E,99,393
E,100,393
E,359,393
E,379,393
E,392,393
E,393,394
V,340
E,79,340
E,84,340
E,332,340
E,339,340
E,340,342
V,368
E,17,368
E,335,368
E,337,368
E,365,368
E,367,368
E,368,913
V,557
E,10,557
E,135,557
E,532,557
E,534,557
E,544,557
E,557,559
V,323
E,16,323
E,240,323
E,321,323
E,323,325
E,323,328
E,323,957
E,323,958
V,875
E,869,875
E,871,875
E,875,876
E,875,877
E,875,878
E,875,923
E,875,925
V,323
E,16,323
E,240,323
E,321,323
E,323,325
E,323,328
E,323,957
E,323,958
V,30
E,30,620
E,30,621
E,30,622
E,30,623
E,30,624
E,30,625
V,590
E,586,590
E,587,590
E,589,590
E,590,591
E,590,602
E,590,603
E,590,604
V,933
E,234,933
E,235,933
E,930,933
E,932,933
E,933,934
E,933,935
E,933,936
E,933,971
V,410
E,407,410
E,410,411
E,410,413
E,410,414
E,410,415
V,575
E,144,575
E,178,575
E,575,576
E,575,577
E,575,580
V,147
E,32,147
E,147,549
E,147,552
E,147,583
E,147,584
E,147,586
E,147,589
V,507
E,130,507
E,492,507
E,493,507
E,497,507
E,505,507
E,506,507
E,507,508
E,507,510
V,122
E,122,123
E,122,539
E,122,541
E,122,542
E,122,543
V,571
E,145,571
E,564,571
E,567,571
E,570,571
E,571,585
V,275
E,70,275
E,272,275
E,274,275
E,275,276
E,275,278
V,112
E,111,112
E,112,406
E,112,440
E,112,441
E,112,442
E,112,444
E,112,446
V,745
E,167,745
E,186,745
E,737,745
E,739,745
E,744,745
E,745,746
V,726
E,182,726
E,184,726
E,695,726
E,725,726
E,726,727
E,726,728
E,726,734
V,841
E,839,841
E,840,841
E,841,842
E,841,843
V,589
E,147,589
E,549,589
E,586,589
E,587,589
E,588,589
E,589,590
V,502
E,123,502
E,485,502
E,496,502
E,499,502
E,501,502
E,502,540
V,235
E,234,235
E,235,237
E,235,238
E,235,933
E,235,936
E,235,937
E,235,951
V,944
E,22,944
E,228,944
E,237,944
E,942,944
E,944,945
V,207
E,204,207
E,206,207
E,207,220
E,207,791
E,207,792
E,207,822
E,207,828
E,207,830
V,247
E,59,247
E,245,247
E,247,975
E,247,979
E,247,980
V,674
E,44,674
E,666,674
E,668,674
E,672,674
E,673,674
E,674,675
V,483
E,114,483
E,473,483
E,482,483
E,483,484
E,483,487
E,483,488
E,483,489
E,483,490
E,483,491
V,891
E,656,891
E,890,891
E,891,892
E,891,893
E,891,894
V,16
E,3,16
E,16,240
E,16,241
E,16,323
E,16,949
E,16,956
E,16,957
V,561
E,33,561
E,131,561
E,132,561
E,140,561
E,141,561
E,142,561
E,514,561
E,516,561
E,517,561
E,525,561
E,528,561
E,561,574
V,866
E,863,866
E,864,866
E,866,867
E,866,923
E,866,924
E,866,927
E,866,928
V,139
E,33,139
E,137,139
E,138,139
E,139,141
E,139,560
E,139,563
E,139,572
V,329
E,79,329
E,80,329
E,329,331
E,329,345
V,18
E,18,80
E,18,81
E,18,312
E,18,313
E,18,330
E,18,331
V,764
E,193,764
E,762,764
E,763,764
E,764,765
E,764,769
V,36
E,36,146
E,36,581
E,36,582
E,36,699
E,36,700
V,100
E,89,100
E,100,101
E,100,359
E,100,392
E,100,393
V,420
E,108,420
E,417,420
E,418,420
E,419,420
E,420,421
E,420,422
V,883
E,657,883
E,658,883
E,815,883
E,816,883
E,880,883
E,881,883
E,882,883
V,632
E,39,632
E,630,632
E,632,634
E,632,635
E,632,637
V,128
E,128,129
E,128,136
E,128,520
E,128,521
E,128,523
E,128,524
V,54
E,53,54
E,54,55
E,54,849
E,54,850
E,54,852
E,54,1007
V,103
E,101,103
E,103,104
E,103,356
E,103,357
E,103,358
E,103,395
E,103,411
E,103,414
V,789
E,208,789
E,785,789
E,787,789
E,788,789
E,789,827
E,789,829
E,789,831
V,874
E,213,874
E,857,874
E,859,874
E,861,874
E,873,874
V,521
E,128,521
E,136,521
E,503,521
E,520,521
E,521,537
E,521,538
V,676
E,169,676
E,170,676
E,171,676
E,675,676
E,676,692
V,777
E,50,777
E,187,777
E,196,777
E,743,777
E,775,777
E,776,777
V,118
E,116,118
E,118,121
E,118,469
E,118,475
E,118,478
E,118,611
E,118,612
V,536
E,120,536
E,136,536
E,533,536
E,536,537
E,536,539
E,536,543
V,620
E,30,620
E,156,620
E,619,620
E,620,621
E,620,625
V,51
E,51,204
E,51,219
E,51,220
E,51,823
V,122
E,122,123
E,122,539
E,122,541
E,122,542
E,122,543
V,174
E,174,713
E,174,714
E,174,715
E,174,716
E,174,717
V,112
E,111,112
E,112,406
E,112,440
E,112,441
E,112,442
E,112,444
E,112,446
V,933
E,234,933
E,235,933
E,930,933
E,932,933
E,933,934
E,933,935
E,933,936
E,933,971
V,899
E,95,899
E,382,899
E,896,899
E,897,899
E,899,900
E,899,910
V,549
E,29,549
E,147,549
E,548,549
E,549,550
E,549,552
E,549,588
E,549,589
V,26
E,7,26
E,26,101
E,26,391
E,26,392
E,26,398
V,370
E,93,370
E,94,370
E,370,371
E,370,372
E,370,910
V,176
E,175,176
E,176,178
E,176,580
E,176,582
E,176,698
E,176,700
E,176,702
E,176,703
E,176,704
V,241
E,16,241
E,240,241
E,241,956
E,241,958
E,241,959
V,874
E,213,874
E,857,874
E,859,874
E,861,874
E,873,874
V,384
E,40,384
E,95,384
E,96,384
E,383,384
E,384,641
V,158
E,149,158
E,158,600
E,158,614
E,158,616
V,409
E,102,409
E,117,409
E,401,409
E,402,409
E,403,409
E,404,409
E,408,409
E,409,412
V,38
E,38,148
E,38,581
E,38,689
E,38,690
E,38,699
V,235
E,234,235
E,235,237
E,235,238
E,235,933
E,235,936
E,235,937
E,235,951
V,900
E,896,900
E,899,900
E,900,901
E,900,909
E,900,910
E,900,915
V,1012
E,214,1012
E,252,1012
E,1008,1012
E,1011,1012
E,1012,1014
V,928
E,863,928
E,866,928
E,926,928
E,927,928
E,928,940
E,928,992
V,91
E,24,91
E,91,361
E,91,362
E,91,363
E,91,366
E,91,376
V,623
E,30,623
E,117,623
E,389,623
E,399,623
E,400,623
E,402,623
E,468,623
E,622,623
E,623,624
V,426
E,424,426
E,425,426
E,426,427
E,426,432
E,426,434
V,119
E,119,152
E,119,545
E,119,546
E,119,551
E,119,554
E,119,555
E,119,556
V,969
E,951,969
E,953,969
E,966,969
E,967,969
E,968,969
E,969,970
V,816
E,658,816
E,815,816
E,816,817
E,816,883
V,55
E,54,55
E,55,212
E,55,847
E,55,848
E,55,849
E,55,850
V,136
E,120,136
E,128,136
E,136,521
E,136,522
E,136,523
E,136,536
E,136,537
V,18
E,18,80
E,18,81
E,18,312
E,18,313
E,18,330
E,18,331
V,212
E,55,212
E,212,214
E,212,846
E,212,847
E,212,850
V,135
E,135,532
E,135,533
E,135,534
E,135,535
E,135,557
V,21
E,21,243
E,21,956
E,21,960
E,21,961
E,21,962
E,21,963
E,21,964
V,961
E,5,961
E,21,961
E,239,961
E,960,961
E,961,962
V,881
E,223,881
E,880,881
E,881,882
E,881,883
E,881,884
E,881,890
E,881,892
V,478
E,118,478
E,121,478
E,153,478
E,154,478
E,478,479
E,478,610
E,478,611
V,76
E,19,76
E,75,76
E,76,294
E,76,295
E,76,296
E,76,303
V,623
E,30,623
E,117,623
E,389,623
E,399,623
E,400,623
E,402,623
E,468,623
E,622,623
E,623,624
V,486
E,485,486
E,486,487
E,486,488
E,486,489
E,486,494
E,486,495
E,486,496
V,241
E,16,241
E,240,241
E,241,956
E,241,958
E,241,959
V,1020
E,256,1020
E,982,1020
E,1017,1020
E,1018,1020
E,1020,1021
E,1020,1023
V,186
E,52,186
E,185,186
E,186,187
E,186,200
E,186,739
E,186,742
E,186,743
E,186,744
E,186,745
V,727
E,182,727
E,714,727
E,716,727
E,723,727
E,726,727
E,727,728
E,727,730
V,676
E,169,676
E,170,676
E,171,676
E,675,676
E,676,692
V,217
E,215,217
E,217,218
E,217,838
E,217,856
E,217,869
E,217,872
V,562
E,10,562
E,131,562
E,134,562
E,140,562
E,530,562
E,531,562
E,532,562
V,958
E,240,958
E,241,958
E,321,958
E,323,958
E,958,959
V,91
E,24,91
E,91,361
E,91,362
E,91,363
E,91,366
E,91,376
V,688
E,161,688
E,172,688
E,592,688
E,594,688
E,595,688
E,687,688
E,688,690
E,688,692
V,175
E,175,176
E,175,696
E,175,698
E,175,702
E,175,710
V,137
E,137,139
E,137,560
E,137,564
E,137,570
E,137,572
V,551
E,34,551
E,119,551
E,545,551
E,551,554
E,551,558
V,964
E,21,964
E,242,964
E,956,964
E,963,964
V,732
E,12,732
E,173,732
E,731,732
E,732,736
E,732,747
V,877
E,41,877
E,815,877
E,819,877
E,869,877
E,875,877
E,877,878
E,877,879
V,957
E,16,957
E,323,957
E,324,957
E,325,957
E,948,957
E,949,957
V,919
E,230,919
E,917,919
E,918,919
E,919,920
E,919,924
V,562
E,10,562
E,131,562
E,134,562
E,140,562
E,530,562
E,531,562
E,532,562
V,936
E,235,936
E,929,936
E,930,936
E,933,936
E,936,937
V,222
E,14,222
E,222,657
E,222,658
E,222,659
E,222,660
E,222,661
V,920
E,227,920
E,230,920
E,918,920
E,919,920
E,920,921
E,920,941
V,431
E,4,431
E,28,431
E,110,431
E,273,431
E,431,432
E,431,433
V,188
E,188,191
E,188,755
E,188,757
E,188,758
E,188,763
V,265
E,67,265
E,262,265
E,263,265
E,265,266
E,265,270
E,265,271
V,761
E,48,761
E,192,761
E,194,761
E,195,761
E,755,761
E,758,761
E,759,761
E,761,762
E,761,778
V,27
E,27,425
E,27,434
E,27,435
E,27,436
E,27,441
E,27,442
V,229
E,227,229
E,229,238
E,229,916
E,229,942
E,229,943
V,550
E,29,550
E,150,550
E,549,550
E,550,587
E,550,588
E,550,605
V,174
E,174,713
E,174,714
E,174,715
E,174,716
E,174,717
V,460
E,405,460
E,406,460
E,445,460
E,458,460
E,459,460
E,460,461
E,460,462
E,460,463
V,665
E,13,665
E,163,665
E,647,665
E,665,677
E,665,680
E,665,681
V,519
E,129,519
E,511,519
E,515,519
E,517,519
E,518,519
E,519,520
V,789
E,208,789
E,785,789
E,787,789
E,788,789
E,789,827
E,789,829
E,789,831
V,416
E,71,416
E,106,416
E,107,416
E,356,416
E,413,416
E,415,416
E,416,417
V,645
E,225,645
E,644,645
E,645,646
E,645,650
E,645,898
V,818
E,812,818
E,813,818
E,814,818
E,817,818
E,818,820
V,379
E,23,379
E,25,379
E,99,379
E,377,379
E,379,393
V,270
E,70,270
E,265,270
E,266,270
E,269,270
E,270,271
E,270,272
V,929
E,929,930
E,929,931
E,929,936
E,929,937
E,929,938
E,929,940
E,929,992
V,434
E,27,434
E,425,434
E,426,434
E,432,434
E,433,434
E,434,435
V,282
E,68,282
E,73,282
E,281,282
E,282,283
E,282,284
E,282,291
V,249
E,249,985
E,249,987
E,249,989
E,249,999
V,945
E,22,945
E,82,945
E,228,945
E,911,945
E,944,945
E,945,947
E,945,948
V,798
E,11,798
E,45,798
E,52,798
E,197,798
E,198,798
E,201,798
E,202,798
E,203,798
E,740,798
V,223
E,58,223
E,223,881
E,223,884
E,223,885
E,223,886
E,223,888
E,223,890
V,1007
E,53,1007
E,54,1007
E,62,1007
E,216,1007
E,851,1007
E,852,1007
E,1002,1007
E,1006,1007
E,1007,1009
V,540
E,123,540
E,124,540
E,485,540
E,502,540
E,540,541
V,640
E,25,640
E,385,640
E,386,640
E,387,640
E,388,640
E,629,640
E,639,640
V,145
E,145,569
E,145,570
E,145,571
E,145,572
E,145,573
E,145,585
V,724
E,716,724
E,717,724
E,718,724
E,721,724
E,722,724
E,723,724
