V,688
E,161,688
E,172,688
E,592,688
E,594,688
E,595,688
E,687,688
E,688,690
E,688,692
V,71
E,71,73
E,71,106
E,71,107
E,71,284
E,71,286
E,71,356
E,71,416
V,753
E,190,753
E,751,753
E,752,753
E,753,754
E,753,756
E,753,758
V,630
E,629,630
E,630,631
E,630,632
E,630,634
E,630,637
E,630,639
V,128
E,128,129
E,128,136
E,128,520
E,128,521
E,128,523
E,128,524
V,659
E,14,659
E,222,659
E,659,661
E,659,667
E,659,669
E,659,804
V,868
E,232,868
E,865,868
E,867,868
E,868,871
E,868,923
V,885
E,223,885
E,879,885
E,880,885
E,884,885
E,885,886
E,885,925
V,1005
E,61,1005
E,862,1005
E,1002,1005
E,1004,1005
E,1005,1006
V,510
E,130,510
E,493,510
E,507,510
E,509,510
E,510,511
E,510,512
E,510,513
E,510,514
V,960
E,21,960
E,239,960
E,321,960
E,956,960
E,959,960
E,960,961
V,538
E,125,538
E,503,538
E,504,538
E,521,538
E,537,538
V,266
E,67,266
E,70,266
E,265,266
E,266,267
E,266,268
E,266,270
V,555
E,119,555
E,543,555
E,544,555
E,546,555
E,554,555
E,555,556
E,555,559
V,967
E,242,967
E,953,967
E,955,967
E,963,967
E,965,967
E,966,967
E,967,969
V,993
E,231,993
E,250,993
E,863,993
E,864,993
E,993,994
V,133
E,132,133
E,133,523
E,133,524
E,133,525
V,588
E,549,588
E,550,588
E,587,588
E,588,589
V,803
E,165,803
E,166,803
E,800,803
E,803,804
E,803,814
V,675
E,44,675
E,168,675
E,169,675
E,170,675
E,666,675
E,674,675
E,675,676
E,675,677
V,737
E,167,737
E,736,737
E,737,738
E,737,739
E,737,745
E,737,747
V,270
E,70,270
E,265,270
E,266,270
E,269,270
E,270,271
E,270,272
V,913
E,82,913
E,336,913
E,337,913
E,367,913
E,368,913
E,369,913
E,911,913
E,912,913
E,913,914
V,139
E,33,139
E,137,139
E,138,139
E,139,141
E,139,560
E,139,563
E,139,572
V,148
E,38,148
E,148,581
E,148,592
E,148,690
V,464
E,461,464
E,462,464
E,463,464
E,464,465
E,464,466
V,975
E,244,975
E,245,975
E,247,975
E,975,979
V,930
E,929,930
E,930,931
E,930,932
E,930,933
E,930,936
V,412
E,102,412
E,396,412
E,408,412
E,409,412
E,411,412
V,62
E,62,1001
E,62,1002
E,62,1003
E,62,1007
E,62,1009
E,62,1010
V,280
E,264,280
E,269,280
E,271,280
E,272,280
E,278,280
E,279,280
E,280,281
E,280,298
V,285
E,107,285
E,276,285
E,277,285
E,278,285
E,279,285
E,284,285
V,160
E,160,383
E,160,385
E,160,641
E,160,642
E,160,643
V,487
E,483,487
E,484,487
E,485,487
E,486,487
E,487,488
V,530
E,131,530
E,527,530
E,529,530
E,530,531
E,530,562
V,246
E,246,256
E,246,977
E,246,979
E,246,980
E,246,982
V,698
E,37,698
E,175,698
E,176,698
E,695,698
E,696,698
E,698,699
E,698,700
V,98
E,97,98
E,98,99
E,98,375
E,98,377
E,98,378
E,98,380
V,873
E,56,873
E,213,873
E,858,873
E,859,873
E,870,873
E,872,873
E,873,874
V,789
E,208,789
E,785,789
E,787,789
E,788,789
E,789,827
E,789,829
E,789,831
V,208
E,208,789
E,208,827
E,208,829
E,208,830
V,349
E,85,349
E,341,349
E,342,349
E,348,349
E,349,350
E,349,351
V,716
E,174,716
E,714,716
E,716,717
E,716,723
E,716,724
E,716,727
V,506
E,126,506
E,498,506
E,505,506
E,506,507
E,506,508
V,343
E,83,343
E,84,343
E,85,343
E,86,343
E,343,351
E,343,352
V,619
E,156,619
E,613,619
E,619,620
E,619,621
V,948
E,3,948
E,22,948
E,324,948
E,945,948
E,947,948
E,948,949
E,948,950
E,948,954
E,948,957
V,867
E,864,867
E,865,867
E,866,867
E,867,868
E,867,923
V,811
E,43,811
E,799,811
E,805,811
E,806,811
E,809,811
E,810,811
V,297
E,6,297
E,68,297
E,294,297
E,296,297
E,297,302
E,297,303
V,916
E,227,916
E,229,916
E,238,916
E,916,941
V,64
E,64,252
E,64,253
E,64,1010
E,64,1011
E,64,1014
E,64,1015
V,591
E,583,591
E,586,591
E,590,591
E,591,592
E,591,594
E,591,603
V,554
E,34,554
E,119,554
E,551,554
E,554,555
E,554,559
V,898
E,2,898
E,95,898
E,641,898
E,642,898
E,644,898
E,645,898
E,650,898
E,897,898
V,541
E,122,541
E,123,541
E,124,541
E,480,541
E,540,541
E,541,542
V,348
E,78,348
E,341,348
E,348,349
E,348,350
V,689
E,37,689
E,38,689
E,689,690
E,689,693
E,689,695
E,689,699
V,539
E,122,539
E,123,539
E,536,539
E,537,539
E,539,543
V,28
E,4,28
E,28,70
E,28,273
E,28,274
E,28,430
E,28,431
V,757
E,188,757
E,191,757
E,756,757
E,757,758
V,441
E,27,441
E,112,441
E,436,441
E,440,441
E,441,442
V,784
E,50,784
E,771,784
E,773,784
E,782,784
E,783,784
E,784,785
E,784,831
V,487
E,483,487
E,484,487
E,485,487
E,486,487
E,487,488
V,934
E,932,934
E,933,934
E,934,971
E,934,972
E,934,978
E,934,988
E,934,990
V,715
E,174,715
E,707,715
E,708,715
E,710,715
E,713,715
E,715,717
E,715,718
V,901
E,896,901
E,900,901
E,901,902
E,901,904
E,901,907
E,901,909
V,579
E,144,579
E,569,579
E,579,580
E,579,582
E,579,585
V,48
E,48,195
E,48,196
E,48,760
E,48,761
E,48,775
E,48,778
V,698
E,37,698
E,175,698
E,176,698
E,695,698
E,696,698
E,698,699
E,698,700
V,596
E,159,596
E,161,596
E,593,596
E,595,596
E,596,597
E,596,599
V,432
E,4,432
E,426,432
E,427,432
E,428,432
E,431,432
E,432,433
E,432,434
V,351
E,85,351
E,88,351
E,343,351
E,349,351
E,350,351
E,351,352
V,978
E,59,978
E,934,978
E,972,978
E,978,980
E,978,986
E,978,988
V,108
E,108,274
E,108,277
E,108,419
E,108,420
E,108,421
V,359
E,89,359
E,100,359
E,359,360
E,359,393
E,359,394
V,758
E,49,758
E,188,758
E,751,758
E,753,758
E,755,758
E,756,758
E,757,758
E,758,759
E,758,761
V,314
E,312,314
E,314,315
E,314,316
E,314,317
E,314,318
V,192
E,192,194
E,192,755
E,192,761
E,192,763
V,377
E,25,377
E,97,377
E,98,377
E,99,377
E,377,379
E,377,387
V,584
E,32,584
E,146,584
E,147,584
E,567,584
E,581,584
E,583,584
V,298
E,6,298
E,66,298
E,68,298
E,264,298
E,280,298
E,281,298
V,369
E,93,369
E,94,369
E,367,369
E,369,912
E,369,913
V,139
E,33,139
E,137,139
E,138,139
E,139,141
E,139,560
E,139,563
E,139,572
V,412
E,102,412
E,396,412
E,408,412
E,409,412
E,411,412
V,207
E,204,207
E,206,207
E,207,220
E,207,791
E,207,792
E,207,822
E,207,828
E,207,830
V,36
E,36,146
E,36,581
E,36,582
E,36,699
E,36,700
V,505
E,497,505
E,498,505
E,499,505
E,505,506
E,505,507
V,467
E,116,467
E,467,468
E,467,469
E,467,470
E,467,471
V,370
E,93,370
E,94,370
E,370,371
E,370,372
E,370,910
V,865
E,232,865
E,864,865
E,865,867
E,865,868
E,865,994
E,865,995
V,556
E,119,556
E,546,556
E,555,556
V,431
E,4,431
E,28,431
E,110,431
E,273,431
E,431,432
E,431,433
V,488
E,483,488
E,486,488
E,487,488
E,488,489
V,725
E,181,725
E,182,725
E,183,725
E,184,725
E,725,726
E,725,748
E,725,749
V,661
E,13,661
E,222,661
E,648,661
E,659,661
E,660,661
E,661,662
E,661,667
V,472
E,9,472
E,115,472
E,457,472
E,458,472
E,462,472
E,465,472
E,471,472
V,313
E,18,313
E,311,313
E,312,313
E,313,331
E,313,345
E,313,346
V,645
E,225,645
E,644,645
E,645,646
E,645,650
E,645,898
V,261
E,65,261
E,67,261
E,260,261
E,261,262
E,261,299
V,741
E,185,741
E,199,741
E,200,741
V,284
E,71,284
E,73,284
E,107,284
E,279,284
E,281,284
E,282,284
E,284,285
V,807
E,203,807
E,205,807
E,799,807
E,806,807
E,807,808
V,407
E,109,407
E,111,407
E,407,408
E,407,410
E,407,411
E,407,413
E,407,442
V,193
E,193,764
E,193,765
E,193,767
E,193,768
E,193,769
V,321
E,20,321
E,239,321
E,320,321
E,321,322
E,321,323
E,321,328
E,321,958
E,321,959
E,321,960
V,138
E,10,138
E,33,138
E,34,138
E,134,138
E,138,139
E,138,140
E,138,559
E,138,560
V,491
E,113,491
E,114,491
E,483,491
E,489,491
E,491,493
V,662
E,648,662
E,660,662
E,661,662
E,662,663
E,662,664
V,588
E,549,588
E,550,588
E,587,588
E,588,589
V,966
E,965,966
E,966,967
E,966,968
E,966,969
E,966,974
V,702
E,175,702
E,176,702
E,701,702
E,702,703
E,702,708
E,702,710
V,757
E,188,757
E,191,757
E,756,757
E,757,758
V,192
E,192,194
E,192,755
E,192,761
E,192,763
V,576
E,35,576
E,178,576
E,189,576
E,574,576
E,575,576
E,576,577
E,576,719
V,726
E,182,726
E,184,726
E,695,726
E,725,726
E,726,727
E,726,728
E,726,734
V,646
E,225,646
E,226,646
E,644,646
E,645,646
E,646,647
E,646,649
E,646,684
V,569
E,144,569
E,145,569
E,569,573
E,569,578
E,569,579
E,569,585
V,987
E,248,987
E,249,987
E,985,987
E,987,988
E,987,989
V,1010
E,62,1010
E,64,1010
E,253,1010
E,1001,1010
E,1008,1010
E,1009,1010
E,1010,1011
V,199
E,185,199
E,199,200
E,199,740
E,199,741
E,199,779
E,199,780
E,199,781
V,168
E,44,168
E,168,169
E,168,673
E,168,675
E,168,694
E,168,731
V,96
E,40,96
E,95,96
E,96,378
E,96,381
E,96,384
E,96,387
V,186
E,52,186
E,185,186
E,186,187
E,186,200
E,186,739
E,186,742
E,186,743
E,186,744
E,186,745
V,1019
E,253,1019
E,254,1019
E,255,1019
E,1001,1019
E,1013,1019
E,1017,1019
E,1019,1021
V,732
E,12,732
E,173,732
E,731,732
E,732,736
E,732,747
V,425
E,27,425
E,109,425
E,424,425
E,425,426
E,425,434
E,425,442
V,748
E,167,748
E,183,748
E,725,748
E,746,748
E,748,749
V,329
E,79,329
E,80,329
E,329,331
E,329,345
V,1000
E,60,1000
E,989,1000
E,991,1000
E,996,1000
E,997,1000
E,998,1000
E,999,1000
V,387
E,25,387
E,40,387
E,96,387
E,97,387
E,377,387
E,378,387
E,386,387
E,387,640
V,555
E,119,555
E,543,555
E,544,555
E,546,555
E,554,555
E,555,556
E,555,559
V,8
E,8,388
E,8,390
E,8,626
E,8,627
E,8,629
V,13
E,13,164
E,13,647
E,13,648
E,13,661
E,13,665
E,13,666
E,13,667
E,13,677
V,694
E,168,694
E,169,694
E,173,694
E,693,694
E,694,695
E,694,731
V,201
E,201,202
E,201,203
E,201,797
E,201,798
E,201,799
V,628
E,156,628
E,617,628
E,618,628
E,627,628
E,628,631
E,628,633
E,628,634
V,248
E,248,987
E,248,988
E,248,989
E,248,990
V,328
E,81,328
E,317,328
E,320,328
E,321,328
E,323,328
E,325,328
V,185
E,185,186
E,185,199
E,185,200
E,185,741
E,185,742
E,185,781
V,808
E,203,808
E,205,808
E,786,808
E,791,808
E,792,808
E,793,808
E,807,808
V,172
E,171,172
E,172,679
E,172,687
E,172,688
E,172,692
V,997
E,60,997
E,61,997
E,997,998
E,997,1000
E,997,1003
E,997,1004
V,642
E,160,642
E,641,642
E,642,643
E,642,644
E,642,898
V,418
E,107,418
E,277,418
E,417,418
E,418,419
E,418,420
V,474
E,9,474
E,116,474
E,474,475
V,758
E,49,758
E,188,758
E,751,758
E,753,758
E,755,758
E,756,758
E,757,758
E,758,759
E,758,761
V,207
E,204,207
E,206,207
E,207,220
E,207,791
E,207,792
E,207,822
E,207,828
E,207,830
V,36
E,36,146
E,36,581
E,36,582
E,36,699
E,36,700
V,504
E,125,504
E,126,504
E,498,504
E,500,504
E,504,537
E,504,538
V,744
E,186,744
E,187,744
E,744,745
E,744,746
V,454
E,113,454
E,114,454
E,449,454
E,451,454
E,453,454
E,454,455
E,454,493
V,361
E,90,361
E,91,361
E,361,362
E,361,376
E,361,394
V,101
E,26,101
E,89,101
E,100,101
E,101,103
E,101,358
E,101,392
E,101,395
E,101,397
E,101,398
V,4
E,4,28
E,4,428
E,4,429
E,4,430
E,4,431
E,4,432
V,699
E,36,699
E,37,699
E,38,699
E,581,699
E,689,699
E,698,699
E,699,700
V,917
E,917,918
E,917,919
E,917,924
E,917,926
E,917,927
V,157
E,156,157
E,157,389
E,157,390
E,157,625
E,157,626
E,157,627
V,639
E,385,639
E,629,639
E,630,639
E,637,639
E,638,639
E,639,640
V,814
E,14,814
E,43,814
E,166,814
E,803,814
E,804,814
E,812,814
E,813,814
E,814,818
V,895
E,652,895
E,893,895
E,894,895
E,895,896
E,895,904
V,763
E,188,763
E,191,763
E,192,763
E,194,763
E,755,763
E,762,763
E,763,764
E,763,765
E,763,766
V,718
E,707,718
E,709,718
E,715,718
E,717,718
E,718,720
E,718,721
E,718,724
V,2
E,2,650
E,2,651
E,2,652
E,2,896
E,2,897
E,2,898
V,806
E,205,806
E,799,806
E,806,807
E,806,810
E,806,811
V,90
E,90,357
E,90,358
E,90,360
E,90,361
E,90,362
E,90,363
E,90,364
E,90,394
V,37
E,37,689
E,37,695
E,37,698
E,37,699
V,600
E,149,600
E,158,600
E,597,600
E,600,601
E,600,606
E,600,616
V,570
E,137,570
E,145,570
E,564,570
E,570,571
E,570,572
V,745
E,167,745
E,186,745
E,737,745
E,739,745
E,744,745
E,745,746
V,617
E,156,617
E,613,617
E,615,617
E,617,618
E,617,628
V,307
E,293,307
E,304,307
E,305,307
E,306,307
E,307,308
V,609
E,151,609
E,153,609
E,154,609
E,155,609
E,547,609
E,607,609
V,948
E,3,948
E,22,948
E,324,948
E,945,948
E,947,948
E,948,949
E,948,950
E,948,954
E,948,957
V,342
E,79,342
E,84,342
E,85,342
E,340,342
E,341,342
E,342,349
V,428
E,4,428
E,421,428
E,422,428
E,424,428
E,427,428
E,428,429
E,428,432
V,1003
E,62,1003
E,997,1003
E,998,1003
E,1001,1003
E,1002,1003
E,1003,1004
E,1003,1016
V,582
E,36,582
E,146,582
E,176,582
E,579,582
E,580,582
E,582,585
E,582,700
V,501
E,123,501
E,498,501
E,499,501
E,500,501
E,501,502
V,373
E,92,373
E,372,373
E,373,374
E,373,375
E,373,380
E,373,382
V,409
E,102,409
E,117,409
E,401,409
E,402,409
E,403,409
E,404,409
E,408,409
E,409,412
V,445
E,406,445
E,443,445
E,444,445
E,445,447
E,445,459
E,445,460
V,81
E,18,81
E,81,312
E,81,317
E,81,325
E,81,327
E,81,328
E,81,330
V,857
E,213,857
E,216,857
E,853,857
E,857,861
E,857,874
V,671
E,165,671
E,671,672
E,671,797
E,671,800
E,671,801
E,671,802
V,556
E,119,556
E,546,556
E,555,556
V,590
E,586,590
E,587,590
E,589,590
E,590,591
E,590,602
E,590,603
E,590,604
V,289
E,72,289
E,73,289
E,286,289
E,287,289
E,288,289
E,289,290
E,289,353
V,150
E,150,550
E,150,587
E,150,604
E,150,605
E,150,606
V,143
E,142,143
E,143,563
E,143,572
E,143,574
V,639
E,385,639
E,629,639
E,630,639
E,637,639
E,638,639
E,639,640
V,241
E,16,241
E,240,241
E,241,956
E,241,958
E,241,959
V,658
E,14,658
E,222,658
E,657,658
E,658,813
E,658,816
E,658,817
E,658,883
V,120
E,120,136
E,120,522
E,120,533
E,120,535
E,120,536
V,219
E,41,219
E,51,219
E,219,220
E,219,820
E,219,823
V,782
E,50,782
E,776,782
E,781,782
E,782,783
E,782,784
V,228
E,228,911
E,228,942
E,228,943
E,228,944
E,228,945
V,440
E,112,440
E,436,440
E,439,440
E,440,441
E,440,446
V,81
E,18,81
E,81,312
E,81,317
E,81,325
E,81,327
E,81,328
E,81,330
V,719
E,178,719
E,189,719
E,576,719
E,709,719
E,719,720
E,719,754
V,252
E,64,252
E,252,1011
E,252,1012
E,252,1014
V,52
E,11,52
E,45,52
E,52,186
E,52,200
E,52,739
E,52,740
E,52,798
V,1019
E,253,1019
E,254,1019
E,255,1019
E,1001,1019
E,1013,1019
E,1017,1019
E,1019,1021
V,368
E,17,368
E,335,368
E,337,368
E,365,368
E,367,368
E,368,913
V,456
E,114,456
E,115,456
E,455,456
E,456,457
E,456,490
