V,14
E,14,222
E,14,658
E,14,659
E,14,804
E,14,813
E,14,814
V,413
E,109,413
E,407,413
E,410,413
E,413,415
E,413,416
E,413,417
E,413,423
V,400
E,7,400
E,389,400
E,391,400
E,398,400
E,399,400
E,400,623
V,906
E,227,906
E,905,906
E,906,907
E,906,908
E,906,909
E,906,943
V,1020
E,256,1020
E,982,1020
E,1017,1020
E,1018,1020
E,1020,1021
E,1020,1023
V,266
E,67,266
E,70,266
E,265,266
E,266,267
E,266,268
E,266,270
V,868
E,232,868
E,865,868
E,867,868
E,868,871
E,868,923
V,978
E,59,978
E,934,978
E,972,978
E,978,980
E,978,986
E,978,988
V,930
E,929,930
E,930,931
E,930,932
E,930,933
E,930,936
V,506
E,126,506
E,498,506
E,505,506
E,506,507
E,506,508
V,157
E,156,157
E,157,389
E,157,390
E,157,625
E,157,626
E,157,627
V,764
E,193,764
E,762,764
E,763,764
E,764,765
E,764,769
V,480
E,31,480
E,124,480
E,477,480
E,479,480
E,480,481
E,480,541
E,480,542
V,59
E,59,245
E,59,247
E,59,972
E,59,978
E,59,980
V,11
E,11,45
E,11,52
E,11,202
E,11,739
E,11,798
V,932
E,250,932
E,930,932
E,931,932
E,932,933
E,932,934
E,932,990
V,669
E,164,669
E,659,669
E,667,669
E,669,670
E,669,804
V,99
E,98,99
E,99,375
E,99,376
E,99,377
E,99,379
E,99,393
E,99,394
V,74
E,19,74
E,74,293
E,74,295
E,74,309
E,74,310
V,374
E,24,374
E,92,374
E,372,374
E,373,374
V,724
E,716,724
E,717,724
E,718,724
E,721,724
E,722,724
E,723,724
V,368
E,17,368
E,335,368
E,337,368
E,365,368
E,367,368
E,368,913
V,219
E,41,219
E,51,219
E,219,220
E,219,820
E,219,823
V,146
E,36,146
E,146,567
E,146,581
E,146,582
E,146,584
E,146,585
V,395
E,101,395
E,103,395
E,395,396
E,395,397
E,395,411
V,578
E,144,578
E,569,578
E,573,578
E,577,578
V,381
E,95,381
E,96,381
E,378,381
E,380,381
E,381,382
V,868
E,232,868
E,865,868
E,867,868
E,868,871
E,868,923
V,248
E,248,987
E,248,988
E,248,989
E,248,990
V,648
E,13,648
E,647,648
E,648,661
E,648,662
E,648,664
V,535
E,120,535
E,135,535
E,522,535
E,532,535
E,533,535
V,482
E,124,482
E,473,482
E,481,482
E,482,483
E,482,484
V,458
E,457,458
E,458,459
E,458,460
E,458,462
E,458,472
V,169
E,168,169
E,169,675
E,169,676
E,169,692
E,169,693
E,169,694
V,495
E,486,495
E,494,495
E,495,496
E,495,497
V,864
E,863,864
E,864,865
E,864,866
E,864,867
E,864,993
E,864,994
V,329
E,79,329
E,80,329
E,329,331
E,329,345
V,395
E,101,395
E,103,395
E,395,396
E,395,397
E,395,411
V,99
E,98,99
E,99,375
E,99,376
E,99,377
E,99,379
E,99,393
E,99,394
V,170
E,170,171
E,170,675
E,170,676
E,170,677
E,170,678
V,31
E,31,479
E,31,480
E,31,542
E,31,546
E,31,610
V,232
E,60,232
E,61,232
E,232,860
E,232,861
E,232,865
E,232,868
E,232,871
E,232,995
V,1019
E,253,1019
E,254,1019
E,255,1019
E,1001,1019
E,1013,1019
E,1017,1019
E,1019,1021
V,573
E,35,573
E,145,573
E,569,573
E,572,573
E,573,577
E,573,578
V,775
E,47,775
E,48,775
E,50,775
E,195,775
E,196,775
E,773,775
E,775,777
V,385
E,40,385
E,160,385
E,383,385
E,385,386
E,385,638
E,385,639
E,385,640
E,385,643
V,49
E,49,187
E,49,751
E,49,758
E,49,759
E,49,760
V,967
E,242,967
E,953,967
E,955,967
E,963,967
E,965,967
E,966,967
E,967,969
V,562
E,10,562
E,131,562
E,134,562
E,140,562
E,530,562
E,531,562
E,532,562
V,944
E,22,944
E,228,944
E,237,944
E,942,944
E,944,945
V,601
E,597,601
E,599,601
E,600,601
E,601,602
E,601,606
V,930
E,929,930
E,930,931
E,930,932
E,930,933
E,930,936
V,401
E,102,401
E,399,401
E,401,402
E,401,409
V,172
E,171,172
E,172,679
E,172,687
E,172,688
E,172,692
V,385
E,40,385
E,160,385
E,383,385
E,385,386
E,385,638
E,385,639
E,385,640
E,385,643
V,613
E,156,613
E,607,613
E,608,613
E,613,614
E,613,615
E,613,617
E,613,619
E,613,621
V,702
E,175,702
E,176,702
E,701,702
E,702,703
E,702,708
E,702,710
V,1015
E,64,1015
E,251,1015
E,253,1015
E,1014,1015
E,1015,1024
V,166
E,43,166
E,166,800
E,166,803
E,166,805
E,166,814
V,770
E,195,770
E,762,770
E,769,770
E,770,771
E,770,772
V,303
E,1,303
E,75,303
E,76,303
E,296,303
E,297,303
E,302,303
E,303,304
V,512
E,510,512
E,511,512
E,512,513
E,512,518
V,488
E,483,488
E,486,488
E,487,488
E,488,489
V,794
E,197,794
E,786,794
E,793,794
E,794,796
V,271
E,263,271
E,264,271
E,265,271
E,269,271
E,270,271
E,271,280
V,901
E,896,901
E,900,901
E,901,902
E,901,904
E,901,907
E,901,909
V,945
E,22,945
E,82,945
E,228,945
E,911,945
E,944,945
E,945,947
E,945,948
V,193
E,193,764
E,193,765
E,193,767
E,193,768
E,193,769
V,956
E,3,956
E,16,956
E,21,956
E,241,956
E,242,956
E,955,956
E,956,959
E,956,960
E,956,964
V,61
E,60,61
E,61,232
E,61,861
E,61,862
E,61,997
E,61,1004
E,61,1005
V,294
E,19,294
E,68,294
E,76,294
E,291,294
E,292,294
E,294,296
E,294,297
V,928
E,863,928
E,866,928
E,926,928
E,927,928
E,928,940
E,928,992
V,243
E,1,243
E,5,243
E,21,243
E,65,243
E,243,256
E,243,318
E,243,962
E,243,963
E,243,965
E,243,976
E,243,979
V,28
E,4,28
E,28,70
E,28,273
E,28,274
E,28,430
E,28,431
V,947
E,82,947
E,324,947
E,326,947
E,334,947
E,945,947
E,946,947
E,947,948
V,572
E,35,572
E,137,572
E,139,572
E,143,572
E,145,572
E,563,572
E,570,572
E,572,573
E,572,574
V,179
E,179,180
E,179,181
E,179,749
E,179,751
V,186
E,52,186
E,185,186
E,186,187
E,186,200
E,186,739
E,186,742
E,186,743
E,186,744
E,186,745
V,811
E,43,811
E,799,811
E,805,811
E,806,811
E,809,811
E,810,811
V,741
E,185,741
E,199,741
E,200,741
V,161
E,159,161
E,161,162
E,161,595
E,161,596
E,161,685
E,161,687
E,161,688
V,655
E,42,655
E,653,655
E,654,655
E,655,656
V,833
E,210,833
E,831,833
E,833,835
E,833,844
E,833,846
V,937
E,235,937
E,238,937
E,929,937
E,936,937
E,937,938
V,725
E,181,725
E,182,725
E,183,725
E,184,725
E,725,726
E,725,748
E,725,749
V,793
E,197,793
E,203,793
E,786,793
E,793,794
E,793,808
V,942
E,228,942
E,229,942
E,237,942
E,238,942
E,942,943
E,942,944
V,890
E,223,890
E,881,890
E,888,890
E,890,891
E,890,892
E,890,893
V,872
E,56,872
E,215,872
E,217,872
E,869,872
E,870,872
E,872,873
V,198
E,197,198
E,198,740
E,198,779
E,198,798
V,425
E,27,425
E,109,425
E,424,425
E,425,426
E,425,434
E,425,442
V,426
E,424,426
E,425,426
E,426,427
E,426,432
E,426,434
V,838
E,217,838
E,218,838
E,834,838
E,838,839
E,838,856
V,388
E,8,388
E,23,388
E,25,388
E,388,390
E,388,391
E,388,629
E,388,640
V,544
E,533,544
E,534,544
E,543,544
E,544,555
E,544,557
E,544,559
V,279
E,278,279
E,279,280
E,279,281
E,279,284
E,279,285
V,557
E,10,557
E,135,557
E,532,557
E,534,557
E,544,557
E,557,559
V,20
E,5,20
E,20,239
E,20,318
E,20,319
E,20,321
E,20,322
V,257
E,69,257
E,110,257
E,257,258
E,257,260
E,257,273
E,257,493
V,244
E,244,245
E,244,974
E,244,975
E,244,976
E,244,979
V,758
E,49,758
E,188,758
E,751,758
E,753,758
E,755,758
E,756,758
E,757,758
E,758,759
E,758,761
V,992
E,231,992
E,863,992
E,928,992
E,929,992
E,931,992
E,940,992
V,540
E,123,540
E,124,540
E,485,540
E,502,540
E,540,541
V,283
E,72,283
E,73,283
E,282,283
E,283,290
E,283,291
V,1018
E,981,1018
E,982,1018
E,983,1018
E,1017,1018
E,1018,1020
V,612
E,118,612
E,468,612
E,469,612
E,611,612
E,612,622
V,676
E,169,676
E,170,676
E,171,676
E,675,676
E,676,692
V,894
E,652,894
E,654,894
E,656,894
E,891,894
E,893,894
E,894,895
V,153
E,153,154
E,153,155
E,153,478
E,153,608
E,153,609
E,153,611
E,153,621
V,65
E,1,65
E,65,66
E,65,243
E,65,261
E,65,299
E,65,300
E,65,301
V,676
E,169,676
E,170,676
E,171,676
E,675,676
E,676,692
V,400
E,7,400
E,389,400
E,391,400
E,398,400
E,399,400
E,400,623
V,248
E,248,987
E,248,988
E,248,989
E,248,990
V,889
E,58,889
E,887,889
E,888,889
E,889,905
E,889,922
V,959
E,241,959
E,321,959
E,956,959
E,958,959
E,959,960
V,100
E,89,100
E,100,101
E,100,359
E,100,392
E,100,393
V,874
E,213,874
E,857,874
E,859,874
E,861,874
E,873,874
V,611
E,118,611
E,153,611
E,478,611
E,611,612
E,611,621
E,611,622
V,1015
E,64,1015
E,251,1015
E,253,1015
E,1014,1015
E,1015,1024
V,237
E,22,237
E,235,237
E,237,238
E,237,942
E,237,944
E,237,950
E,237,951
V,943
E,227,943
E,228,943
E,229,943
E,906,943
E,908,943
E,911,943
E,914,943
E,942,943
V,581
E,36,581
E,38,581
E,146,581
E,148,581
E,581,583
E,581,584
E,581,592
E,581,699
V,768
E,193,768
E,767,768
E,768,769
E,768,771
V,873
E,56,873
E,213,873
E,858,873
E,859,873
E,870,873
E,872,873
E,873,874
V,370
E,93,370
E,94,370
E,370,371
E,370,372
E,370,910
V,326
E,324,326
E,325,326
E,326,327
E,326,333
E,326,334
E,326,947
V,421
E,108,421
E,274,421
E,420,421
E,421,422
E,421,428
E,421,429
E,421,430
V,682
E,647,682
E,681,682
E,682,684
V,398
E,7,398
E,26,398
E,101,398
E,397,398
E,398,399
E,398,400
V,971
E,233,971
E,933,971
E,934,971
E,935,971
E,952,971
E,971,972
V,501
E,123,501
E,498,501
E,499,501
E,500,501
E,501,502
V,448
E,443,448
E,447,448
E,448,449
E,448,450
V,613
E,156,613
E,607,613
E,608,613
E,613,614
E,613,615
E,613,617
E,613,619
E,613,621
V,101
E,26,101
E,89,101
E,100,101
E,101,103
E,101,358
E,101,392
E,101,395
E,101,397
E,101,398
V,380
E,98,380
E,373,380
E,375,380
E,378,380
E,380,381
E,380,382
V,315
E,305,315
E,311,315
E,312,315
E,314,315
E,315,316
V,818
E,812,818
E,813,818
E,814,818
E,817,818
E,818,820
V,481
E,124,481
E,473,481
E,475,481
E,476,481
E,477,481
E,480,481
E,481,482
V,438
E,110,438
E,435,438
E,436,438
E,437,438
E,438,447
E,438,449
V,1021
E,254,1021
E,255,1021
E,1017,1021
E,1019,1021
E,1020,1021
E,1021,1022
E,1021,1023
V,563
E,139,563
E,141,563
E,142,563
E,143,563
E,563,572
V,219
E,41,219
E,51,219
E,219,220
E,219,820
E,219,823
V,106
E,71,106
E,106,107
E,106,416
V,709
E,177,709
E,178,709
E,706,709
E,707,709
E,709,718
E,709,719
E,709,720
V,275
E,70,275
E,272,275
E,274,275
E,275,276
E,275,278
V,490
E,9,490
E,114,490
E,115,490
E,456,490
E,473,490
E,483,490
V,310
E,19,310
E,74,310
E,292,310
E,309,310
E,310,311
E,310,344
E,310,346
E,310,347
V,307
E,293,307
E,304,307
E,305,307
E,306,307
E,307,308
V,824
E,204,824
E,206,824
E,809,824
E,812,824
E,823,824
E,824,826
V,928
E,863,928
E,866,928
E,926,928
E,927,928
E,928,940
E,928,992
V,160
E,160,383
E,160,385
E,160,641
E,160,642
E,160,643
V,880
E,815,880
E,879,880
E,880,881
E,880,883
E,880,884
E,880,885
V,930
E,929,930
E,930,931
E,930,932
E,930,933
E,930,936
V,560
E,34,560
E,137,560
E,138,560
E,139,560
E,560,564
V,402
E,117,402
E,399,402
E,401,402
E,402,409
E,402,623
V,984
E,981,984
E,984,985
E,984,986
V,700
E,36,700
E,176,700
E,582,700
E,698,700
E,699,700
V,343
E,83,343
E,84,343
E,85,343
E,86,343
E,343,351
E,343,352
V,299
E,65,299
E,66,299
E,261,299
E,262,299
E,299,301
V,573
E,35,573
E,145,573
E,569,573
E,572,573
E,573,577
E,573,578
V,652
E,2,652
E,651,652
E,652,654
E,652,894
E,652,895
E,652,896
V,284
E,71,284
E,73,284
E,107,284
E,279,284
E,281,284
E,282,284
E,284,285
V,1005
E,61,1005
E,862,1005
E,1002,1005
E,1004,1005
E,1005,1006
V,316
E,1,316
E,305,316
E,306,316
E,314,316
E,315,316
E,316,318
V,740
E,52,740
E,198,740
E,199,740
E,200,740
E,740,779
E,740,798
V,820
E,41,820
E,219,820
E,812,820
E,817,820
E,818,820
E,819,820
E,820,823
V,1006
E,851,1006
E,862,1006
E,1002,1006
E,1005,1006
E,1006,1007
V,873
E,56,873
E,213,873
E,858,873
E,859,873
E,870,873
E,872,873
E,873,874
V,350
E,72,350
E,77,350
E,78,350
E,88,350
E,292,350
E,348,350
E,349,350
E,350,351
V,20
E,5,20
E,20,239
E,20,318
E,20,319
E,20,321
E,20,322
V,414
E,103,414
E,356,414
E,410,414
E,411,414
E,414,415
V,636
E,39,636
E,159,636
E,598,636
E,635,636
E,636,683
V,940
E,918,940
E,926,940
E,928,940
E,929,940
E,938,940
E,939,940
E,940,941
E,940,992
V,741
E,185,741
E,199,741
E,200,741
V,398
E,7,398
E,26,398
E,101,398
E,397,398
E,398,399
E,398,400
V,27
E,27,425
E,27,434
E,27,435
E,27,436
E,27,441
E,27,442
V,61
E,60,61
E,61,232
E,61,861
E,61,862
E,61,997
E,61,1004
E,61,1005
V,189
E,189,190
E,189,514
E,189,574
E,189,576
E,189,719
E,189,754
E,189,756
E,189,767
V,950
E,22,950
E,237,950
E,948,950
E,950,951
E,950,953
E,950,954
V,177
E,177,701
E,177,705
E,177,706
E,177,707
E,177,709
V,611
E,118,611
E,153,611
E,478,611
E,611,612
E,611,621
E,611,622
V,874
E,213,874
E,857,874
E,859,874
E,861,874
E,873,874
V,435
E,27,435
E,110,435
E,433,435
E,434,435
E,435,436
E,435,438
V,856
E,215,856
E,217,856
E,838,856
E,839,856
E,840,856
E,855,856
V,974
E,233,974
E,244,974
E,245,974
E,965,974
E,966,974
E,968,974
E,972,974
E,974,976
V,842
E,15,842
E,210,842
E,835,842
E,839,842
E,841,842
E,842,843
E,842,844
V,899
E,95,899
E,382,899
E,896,899
E,897,899
E,899,900
E,899,910
V,743
E,186,743
E,187,743
E,742,743
E,743,776
E,743,777
V,4
E,4,28
E,4,428
E,4,429
E,4,430
E,4,431
E,4,432
V,664
E,647,664
E,648,664
E,649,664
E,662,664
E,663,664
V,717
E,174,717
E,715,717
E,716,717
E,717,718
E,717,724
V,557
E,10,557
E,135,557
E,532,557
E,534,557
E,544,557
E,557,559
V,3
E,3,16
E,3,948
E,3,949
E,3,954
E,3,955
E,3,956
V,673
E,44,673
E,46,673
E,168,673
E,672,673
E,673,674
E,673,731
E,673,802
V,900
E,896,900
E,899,900
E,900,901
E,900,909
E,900,910
E,900,915
V,1007
E,53,1007
E,54,1007
E,62,1007
E,216,1007
E,851,1007
E,852,1007
E,1002,1007
E,1006,1007
E,1007,1009
V,712
E,697,712
E,711,712
E,712,713
E,712,728
E,712,729
V,822
E,207,822
E,209,822
E,220,822
E,822,830
E,822,832
V,479
E,31,479
E,121,479
E,477,479
E,478,479
E,479,480
E,479,610
V,311
E,305,311
E,308,311
E,309,311
E,310,311
E,311,312
E,311,313
E,311,315
E,311,346
V,768
E,193,768
E,767,768
E,768,769
E,768,771
V,704
E,176,704
E,178,704
E,703,704
E,704,705
E,704,706
V,543
E,122,543
E,533,543
E,536,543
E,539,543
E,542,543
E,543,544
E,543,546
E,543,555
V,636
E,39,636
E,159,636
E,598,636
E,635,636
E,636,683
V,724
E,716,724
E,717,724
E,718,724
E,721,724
E,722,724
E,723,724
