V,76
E,19,76
E,75,76
E,76,294
E,76,295
E,76,296
E,76,303
V,622
E,30,622
E,468,622
E,611,622
E,612,622
E,621,622
E,622,623
V,190
E,189,190
E,190,753
E,190,754
E,190,756
V,243
E,1,243
E,5,243
E,21,243
E,65,243
E,243,256
E,243,318
E,243,962
E,243,963
E,243,965
E,243,976
E,243,979
V,1006
E,851,1006
E,862,1006
E,1002,1006
E,1005,1006
E,1006,1007
V,337
E,332,337
E,335,337
E,336,337
E,337,339
E,337,368
E,337,913
V,746
E,167,746
E,187,746
E,744,746
E,745,746
E,746,748
E,746,749
E,746,751
V,996
E,60,996
E,250,996
E,991,996
E,994,996
E,995,996
E,996,1000
V,142
E,141,142
E,142,143
E,142,561
E,142,563
E,142,574
V,416
E,71,416
E,106,416
E,107,416
E,356,416
E,413,416
E,415,416
E,416,417
V,773
E,47,773
E,50,773
E,771,773
E,773,774
E,773,775
E,773,784
V,305
E,305,306
E,305,307
E,305,308
E,305,311
E,305,315
E,305,316
V,437
E,436,437
E,437,438
E,437,439
E,437,447
V,940
E,918,940
E,926,940
E,928,940
E,929,940
E,938,940
E,939,940
E,940,941
E,940,992
V,148
E,38,148
E,148,581
E,148,592
E,148,690
V,805
E,43,805
E,166,805
E,799,805
E,800,805
E,805,811
V,498
E,126,498
E,498,499
E,498,500
E,498,501
E,498,504
E,498,505
E,498,506
V,279
E,278,279
E,279,280
E,279,281
E,279,284
E,279,285
V,164
E,13,164
E,164,666
E,164,667
E,164,668
E,164,669
E,164,670
V,983
E,981,983
E,983,998
E,983,999
E,983,1016
E,983,1017
E,983,1018
V,456
E,114,456
E,115,456
E,455,456
E,456,457
E,456,490
V,989
E,248,989
E,249,989
E,987,989
E,989,990
E,989,991
E,989,999
E,989,1000
V,639
E,385,639
E,629,639
E,630,639
E,637,639
E,638,639
E,639,640
V,853
E,213,853
E,216,853
E,852,853
E,853,857
V,948
E,3,948
E,22,948
E,324,948
E,945,948
E,947,948
E,948,949
E,948,950
E,948,954
E,948,957
V,412
E,102,412
E,396,412
E,408,412
E,409,412
E,411,412
V,83
E,83,84
E,83,86
E,83,338
E,83,339
E,83,343
E,83,363
V,112
E,111,112
E,112,406
E,112,440
E,112,441
E,112,442
E,112,444
E,112,446
V,835
E,15,835
E,210,835
E,211,835
E,831,835
E,832,835
E,833,835
E,835,842
V,141
E,33,141
E,139,141
E,141,142
E,141,561
E,141,563
V,565
E,564,565
E,565,566
E,565,567
E,565,568
V,726
E,182,726
E,184,726
E,695,726
E,725,726
E,726,727
E,726,728
E,726,734
V,842
E,15,842
E,210,842
E,835,842
E,839,842
E,841,842
E,842,843
E,842,844
V,795
E,197,795
E,779,795
E,780,795
E,795,796
V,1004
E,61,1004
E,997,1004
E,1002,1004
E,1003,1004
E,1004,1005
V,198
E,197,198
E,198,740
E,198,779
E,198,798
V,572
E,35,572
E,137,572
E,139,572
E,143,572
E,145,572
E,563,572
E,570,572
E,572,573
E,572,574
V,89
E,89,100
E,89,101
E,89,358
E,89,359
E,89,360
V,308
E,293,308
E,305,308
E,307,308
E,308,309
E,308,311
V,971
E,233,971
E,933,971
E,934,971
E,935,971
E,952,971
E,971,972
V,730
E,713,730
E,714,730
E,727,730
E,728,730
E,729,730
V,491
E,113,491
E,114,491
E,483,491
E,489,491
E,491,493
V,604
E,150,604
E,587,604
E,590,604
E,602,604
E,604,606
V,969
E,951,969
E,953,969
E,966,969
E,967,969
E,968,969
E,969,970
V,12
E,12,173
E,12,732
E,12,733
E,12,735
E,12,747
V,862
E,61,862
E,216,862
E,851,862
E,861,862
E,862,1005
E,862,1006
V,978
E,59,978
E,934,978
E,972,978
E,978,980
E,978,986
E,978,988
V,615
E,613,615
E,614,615
E,615,616
E,615,617
E,615,618
E,615,633
E,615,634
E,615,635
V,617
E,156,617
E,613,617
E,615,617
E,617,618
E,617,628
V,324
E,324,325
E,324,326
E,324,947
E,324,948
E,324,957
V,990
E,248,990
E,250,990
E,932,990
E,934,990
E,988,990
E,989,990
E,990,991
V,700
E,36,700
E,176,700
E,582,700
E,698,700
E,699,700
V,284
E,71,284
E,73,284
E,107,284
E,279,284
E,281,284
E,282,284
E,284,285
V,545
E,119,545
E,152,545
E,545,548
E,545,551
E,545,553
E,545,558
V,58
E,57,58
E,58,223
E,58,886
E,58,888
E,58,889
E,58,922
V,826
E,206,826
E,809,826
E,810,826
E,824,826
E,825,826
V,352
E,86,352
E,87,352
E,88,352
E,343,352
E,351,352
V,439
E,436,439
E,437,439
E,439,440
E,439,446
E,439,447
V,802
E,46,802
E,671,802
E,672,802
E,673,802
E,738,802
E,801,802
V,941
E,227,941
E,238,941
E,916,941
E,918,941
E,920,941
E,938,941
E,939,941
E,940,941
V,192
E,192,194
E,192,755
E,192,761
E,192,763
V,139
E,33,139
E,137,139
E,138,139
E,139,141
E,139,560
E,139,563
E,139,572
V,462
E,458,462
E,460,462
E,461,462
E,462,464
E,462,465
E,462,472
V,916
E,227,916
E,229,916
E,238,916
E,916,941
V,860
E,232,860
E,858,860
E,859,860
E,860,861
E,860,871
V,401
E,102,401
E,399,401
E,401,402
E,401,409
V,305
E,305,306
E,305,307
E,305,308
E,305,311
E,305,315
E,305,316
V,959
E,241,959
E,321,959
E,956,959
E,958,959
E,959,960
V,656
E,42,656
E,654,656
E,655,656
E,656,882
E,656,891
E,656,892
E,656,894
V,442
E,27,442
E,109,442
E,111,442
E,112,442
E,407,442
E,425,442
E,441,442
V,666
E,13,666
E,164,666
E,666,668
E,666,674
E,666,675
E,666,677
V,2
E,2,650
E,2,651
E,2,652
E,2,896
E,2,897
E,2,898
V,47
E,47,195
E,47,772
E,47,773
E,47,774
E,47,775
V,917
E,917,918
E,917,919
E,917,924
E,917,926
E,917,927
V,801
E,202,801
E,671,801
E,738,801
E,739,801
E,797,801
E,801,802
V,81
E,18,81
E,81,312
E,81,317
E,81,325
E,81,327
E,81,328
E,81,330
V,965
E,243,965
E,963,965
E,965,966
E,965,967
E,965,974
E,965,976
V,913
E,82,913
E,336,913
E,337,913
E,367,913
E,368,913
E,369,913
E,911,913
E,912,913
E,913,914
V,652
E,2,652
E,651,652
E,652,654
E,652,894
E,652,895
E,652,896
V,295
E,19,295
E,74,295
E,75,295
E,76,295
E,293,295
E,295,304
V,778
E,48,778
E,759,778
E,760,778
E,761,778
V,108
E,108,274
E,108,277
E,108,419
E,108,420
E,108,421
V,289
E,72,289
E,73,289
E,286,289
E,287,289
E,288,289
E,289,290
E,289,353
V,537
E,123,537
E,136,537
E,500,537
E,504,537
E,521,537
E,536,537
E,537,538
E,537,539
V,983
E,981,983
E,983,998
E,983,999
E,983,1016
E,983,1017
E,983,1018
V,656
E,42,656
E,654,656
E,655,656
E,656,882
E,656,891
E,656,892
E,656,894
V,719
E,178,719
E,189,719
E,576,719
E,709,719
E,719,720
E,719,754
V,587
E,150,587
E,550,587
E,587,588
E,587,589
E,587,590
E,587,604
V,199
E,185,199
E,199,200
E,199,740
E,199,741
E,199,779
E,199,780
E,199,781
V,350
E,72,350
E,77,350
E,78,350
E,88,350
E,292,350
E,348,350
E,349,350
E,350,351
V,914
E,908,914
E,911,914
E,912,914
E,913,914
E,914,915
E,914,943
V,582
E,36,582
E,146,582
E,176,582
E,579,582
E,580,582
E,582,585
E,582,700
V,661
E,13,661
E,222,661
E,648,661
E,659,661
E,660,661
E,661,662
E,661,667
V,629
E,8,629
E,388,629
E,627,629
E,629,630
E,629,631
E,629,639
E,629,640
V,474
E,9,474
E,116,474
E,474,475
V,928
E,863,928
E,866,928
E,926,928
E,927,928
E,928,940
E,928,992
V,24
E,24,91
E,24,92
E,24,93
E,24,366
E,24,372
E,24,374
E,24,375
E,24,376
V,826
E,206,826
E,809,826
E,810,826
E,824,826
E,825,826
V,527
E,131,527
E,527,529
E,527,530
V,439
E,436,439
E,437,439
E,439,440
E,439,446
E,439,447
V,845
E,843,845
E,845,847
E,845,848
E,845,854
E,845,855
V,253
E,64,253
E,251,253
E,253,1001
E,253,1010
E,253,1013
E,253,1015
E,253,1019
V,591
E,583,591
E,586,591
E,590,591
E,591,592
E,591,594
E,591,603
V,590
E,586,590
E,587,590
E,589,590
E,590,591
E,590,602
E,590,603
E,590,604
V,572
E,35,572
E,137,572
E,139,572
E,143,572
E,145,572
E,563,572
E,570,572
E,572,573
E,572,574
V,696
E,175,696
E,695,696
E,696,697
E,696,698
E,696,710
E,696,711
V,524
E,128,524
E,129,524
E,133,524
E,523,524
E,524,525
E,524,526
V,624
E,30,624
E,389,624
E,623,624
E,624,625
V,471
E,9,471
E,116,471
E,465,471
E,467,471
E,470,471
E,471,472
V,511
E,127,511
E,503,511
E,509,511
E,510,511
E,511,512
E,511,518
E,511,519
E,511,520
V,501
E,123,501
E,498,501
E,499,501
E,500,501
E,501,502
V,550
E,29,550
E,150,550
E,549,550
E,550,587
E,550,588
E,550,605
V,369
E,93,369
E,94,369
E,367,369
E,369,912
E,369,913
V,141
E,33,141
E,139,141
E,141,142
E,141,561
E,141,563
V,232
E,60,232
E,61,232
E,232,860
E,232,861
E,232,865
E,232,868
E,232,871
E,232,995
V,5
E,5,20
E,5,239
E,5,243
E,5,318
E,5,961
E,5,962
V,910
E,370,910
E,371,910
E,372,910
E,382,910
E,899,910
E,900,910
E,910,915
V,386
E,40,386
E,385,386
E,386,387
E,386,640
V,302
E,1,302
E,6,302
E,297,302
E,300,302
E,302,303
V,899
E,95,899
E,382,899
E,896,899
E,897,899
E,899,900
E,899,910
V,355
E,87,355
E,104,355
E,105,355
E,354,355
E,355,357
E,355,364
V,102
E,102,396
E,102,397
E,102,399
E,102,401
E,102,409
E,102,412
V,834
E,15,834
E,218,834
E,821,834
E,834,836
E,834,837
E,834,838
E,834,839
V,894
E,652,894
E,654,894
E,656,894
E,891,894
E,893,894
E,894,895
V,109
E,109,407
E,109,413
E,109,423
E,109,424
E,109,425
E,109,442
V,424
E,109,424
E,422,424
E,423,424
E,424,425
E,424,426
E,424,427
E,424,428
V,9
E,9,115
E,9,116
E,9,471
E,9,472
E,9,473
E,9,474
E,9,475
E,9,490
V,393
E,23,393
E,99,393
E,100,393
E,359,393
E,379,393
E,392,393
E,393,394
V,114
E,113,114
E,114,454
E,114,455
E,114,456
E,114,483
E,114,490
E,114,491
V,970
E,236,970
E,951,970
E,952,970
E,968,970
E,969,970
E,970,973
V,123
E,122,123
E,123,500
E,123,501
E,123,502
E,123,537
E,123,539
E,123,540
E,123,541
V,836
E,41,836
E,220,836
E,821,836
E,832,836
E,834,836
E,836,837
V,987
E,248,987
E,249,987
E,985,987
E,987,988
E,987,989
V,987
E,248,987
E,249,987
E,985,987
E,987,988
E,987,989
V,142
E,141,142
E,142,143
E,142,561
E,142,563
E,142,574
V,865
E,232,865
E,864,865
E,865,867
E,865,868
E,865,994
E,865,995
V,364
E,86,364
E,87,364
E,90,364
E,355,364
E,357,364
E,363,364
V,355
E,87,355
E,104,355
E,105,355
E,354,355
E,355,357
E,355,364
V,295
E,19,295
E,74,295
E,75,295
E,76,295
E,293,295
E,295,304
V,224
E,57,224
E,221,224
E,224,230
E,224,886
E,224,921
E,224,922
E,224,925
V,628
E,156,628
E,617,628
E,618,628
E,627,628
E,628,631
E,628,633
E,628,634
V,172
E,171,172
E,172,679
E,172,687
E,172,688
E,172,692
V,912
E,94,912
E,369,912
E,371,912
E,912,913
E,912,914
E,912,915
V,107
E,71,107
E,106,107
E,107,277
E,107,284
E,107,285
E,107,416
E,107,417
E,107,418
V,748
E,167,748
E,183,748
E,725,748
E,746,748
E,748,749
V,1010
E,62,1010
E,64,1010
E,253,1010
E,1001,1010
E,1008,1010
E,1009,1010
E,1010,1011
V,853
E,213,853
E,216,853
E,852,853
E,853,857
V,300
E,1,300
E,6,300
E,65,300
E,66,300
E,300,302
V,257
E,69,257
E,110,257
E,257,258
E,257,260
E,257,273
E,257,493
V,633
E,615,633
E,618,633
E,628,633
E,633,634
V,774
E,47,774
E,771,774
E,772,774
E,773,774
V,390
E,8,390
E,157,390
E,388,390
E,389,390
E,390,391
E,390,626
V,719
E,178,719
E,189,719
E,576,719
E,709,719
E,719,720
E,719,754
V,245
E,59,245
E,244,245
E,245,247
E,245,972
E,245,974
E,245,975
V,607
E,149,607
E,151,607
E,155,607
E,605,607
E,607,608
E,607,609
E,607,613
E,607,614
V,683
E,39,683
E,159,683
E,226,683
E,636,683
E,637,683
E,681,683
E,683,684
E,683,685
V,912
E,94,912
E,369,912
E,371,912
E,912,913
E,912,914
E,912,915
V,1004
E,61,1004
E,997,1004
E,1002,1004
E,1003,1004
E,1004,1005
V,271
E,263,271
E,264,271
E,265,271
E,269,271
E,270,271
E,271,280
V,700
E,36,700
E,176,700
E,582,700
E,698,700
E,699,700
V,901
E,896,901
E,900,901
E,901,902
E,901,904
E,901,907
E,901,909
V,680
E,163,680
E,665,680
E,680,681
E,680,685
V,522
E,120,522
E,136,522
E,522,523
E,522,531
E,522,532
E,522,535
V,994
E,250,994
E,864,994
E,865,994
E,993,994
E,994,995
E,994,996
V,342
E,79,342
E,84,342
E,85,342
E,340,342
E,341,342
E,342,349
V,609
E,151,609
E,153,609
E,154,609
E,155,609
E,547,609
E,607,609
V,262
E,66,262
E,67,262
E,261,262
E,262,263
E,262,264
E,262,265
E,262,299
V,564
E,34,564
E,137,564
E,560,564
E,564,565
E,564,566
E,564,567
E,564,570
E,564,571
V,439
E,436,439
E,437,439
E,439,440
E,439,446
E,439,447
V,309
E,74,309
E,293,309
E,308,309
E,309,310
E,309,311
V,673
E,44,673
E,46,673
E,168,673
E,672,673
E,673,674
E,673,731
E,673,802
V,21
E,21,243
E,21,956
E,21,960
E,21,961
E,21,962
E,21,963
E,21,964
V,562
E,10,562
E,131,562
E,134,562
E,140,562
E,530,562
E,531,562
E,532,562
V,957
E,16,957
E,323,957
E,324,957
E,325,957
E,948,957
E,949,957
V,633
E,615,633
E,618,633
E,628,633
E,633,634
V,541
E,122,541
E,123,541
E,124,541
E,480,541
E,540,541
E,541,542
V,938
E,238,938
E,929,938
E,937,938
E,938,939
E,938,940
E,938,941
V,55
E,54,55
E,55,212
E,55,847
E,55,848
E,55,849
E,55,850
V,21
E,21,243
E,21,956
E,21,960
E,21,961
E,21,962
E,21,963
E,21,964
V,924
E,230,924
E,866,924
E,917,924
E,919,924
E,923,924
E,924,927
V,84
E,83,84
E,84,85
E,84,339
E,84,340
E,84,342
E,84,343
V,247
E,59,247
E,245,247
E,247,975
E,247,979
E,247,980
V,72
E,72,88
E,72,283
E,72,288
E,72,289
E,72,290
E,72,291
E,72,292
E,72,350
V,406
E,111,406
E,112,406
E,404,406
E,405,406
E,406,408
E,406,444
E,406,445
E,406,460
V,897
E,2,897
E,95,897
E,896,897
E,897,898
E,897,899
V,1007
E,53,1007
E,54,1007
E,62,1007
E,216,1007
E,851,1007
E,852,1007
E,1002,1007
E,1006,1007
E,1007,1009
V,1010
E,62,1010
E,64,1010
E,253,1010
E,1001,1010
E,1008,1010
E,1009,1010
E,1010,1011
V,823
E,51,823
E,204,823
E,219,823
E,812,823
E,820,823
E,823,824
V,435
E,27,435
E,110,435
E,433,435
E,434,435
E,435,436
E,435,438
V,973
E,233,973
E,952,973
E,968,973
E,970,973
V,271
E,263,271
E,264,271
E,265,271
E,269,271
E,270,271
E,271,280
V,938
E,238,938
E,929,938
E,937,938
E,938,939
E,938,940
E,938,941
V,607
E,149,607
E,151,607
E,155,607
E,605,607
E,607,608
E,607,609
E,607,613
E,607,614
V,408
E,111,408
E,404,408
E,406,408
E,407,408
E,408,409
E,408,411
E,408,412
V,823
E,51,823
E,204,823
E,219,823
E,812,823
E,820,823
E,823,824
V,659
E,14,659
E,222,659
E,659,661
E,659,667
E,659,669
E,659,804
V,121
E,118,121
E,121,475
E,121,476
E,121,477
E,121,478
E,121,479
V,185
E,185,186
E,185,199
E,185,200
E,185,741
E,185,742
E,185,781
V,304
E,1,304
E,75,304
E,293,304
E,295,304
E,303,304
E,304,306
E,304,307
V,151
E,29,151
E,151,152
E,151,547
E,151,605
E,151,607
E,151,609
V,469
E,116,469
E,118,469
E,467,469
E,468,469
E,469,612
V,630
E,629,630
E,630,631
E,630,632
E,630,634
E,630,637
E,630,639
V,226
E,226,637
E,226,638
E,226,644
E,226,646
E,226,683
E,226,684
V,549
E,29,549
E,147,549
E,548,549
E,549,550
E,549,552
E,549,588
E,549,589
V,47
E,47,195
E,47,772
E,47,773
E,47,774
E,47,775
