V,573
E,35,573
E,145,573
E,569,573
E,572,573
E,573,577
E,573,578
V,426
E,424,426
E,425,426
E,426,427
E,426,432
E,426,434
V,1003
E,62,1003
E,997,1003
E,998,1003
E,1001,1003
E,1002,1003
E,1003,1004
E,1003,1016
V,773
E,47,773
E,50,773
E,771,773
E,773,774
E,773,775
E,773,784
V,474
E,9,474
E,116,474
E,474,475
V,887
E,887,888
E,887,889
E,887,903
E,887,904
E,887,905
V,949
E,3,949
E,16,949
E,948,949
E,949,957
V,658
E,14,658
E,222,658
E,657,658
E,658,813
E,658,816
E,658,817
E,658,883
V,195
E,47,195
E,48,195
E,195,761
E,195,762
E,195,770
E,195,772
E,195,775
V,143
E,142,143
E,143,563
E,143,572
E,143,574
V,563
E,139,563
E,141,563
E,142,563
E,143,563
E,563,572
V,201
E,201,202
E,201,203
E,201,797
E,201,798
E,201,799
V,197
E,197,198
E,197,203
E,197,779
E,197,793
E,197,794
E,197,795
E,197,796
E,197,798
V,867
E,864,867
E,865,867
E,866,867
E,867,868
E,867,923
V,932
E,250,932
E,930,932
E,931,932
E,932,933
E,932,934
E,932,990
V,425
E,27,425
E,109,425
E,424,425
E,425,426
E,425,434
E,425,442
V,95
E,95,96
E,95,381
E,95,382
E,95,384
E,95,641
E,95,897
E,95,898
E,95,899
V,119
E,119,152
E,119,545
E,119,546
E,119,551
E,119,554
E,119,555
E,119,556
V,924
E,230,924
E,866,924
E,917,924
E,919,924
E,923,924
E,924,927
V,139
E,33,139
E,137,139
E,138,139
E,139,141
E,139,560
E,139,563
E,139,572
V,838
E,217,838
E,218,838
E,834,838
E,838,839
E,838,856
V,1020
E,256,1020
E,982,1020
E,1017,1020
E,1018,1020
E,1020,1021
E,1020,1023
V,560
E,34,560
E,137,560
E,138,560
E,139,560
E,560,564
V,604
E,150,604
E,587,604
E,590,604
E,602,604
E,604,606
V,929
E,929,930
E,929,931
E,929,936
E,929,937
E,929,938
E,929,940
E,929,992
V,664
E,647,664
E,648,664
E,649,664
E,662,664
E,663,664
V,440
E,112,440
E,436,440
E,439,440
E,440,441
E,440,446
V,524
E,128,524
E,129,524
E,133,524
E,523,524
E,524,525
E,524,526
V,563
E,139,563
E,141,563
E,142,563
E,143,563
E,563,572
V,733
E,12,733
E,173,733
E,695,733
E,733,734
E,733,735
V,875
E,869,875
E,871,875
E,875,876
E,875,877
E,875,878
E,875,923
E,875,925
V,128
E,128,129
E,128,136
E,128,520
E,128,521
E,128,523
E,128,524
V,156
E,156,157
E,156,613
E,156,617
E,156,619
E,156,620
E,156,625
E,156,627
E,156,628
V,469
E,116,469
E,118,469
E,467,469
E,468,469
E,469,612
V,381
E,95,381
E,96,381
E,378,381
E,380,381
E,381,382
V,252
E,64,252
E,252,1011
E,252,1012
E,252,1014
V,661
E,13,661
E,222,661
E,648,661
E,659,661
E,660,661
E,661,662
E,661,667
V,64
E,64,252
E,64,253
E,64,1010
E,64,1011
E,64,1014
E,64,1015
V,497
E,492,497
E,494,497
E,495,497
E,496,497
E,497,499
E,497,505
E,497,507
V,784
E,50,784
E,771,784
E,773,784
E,782,784
E,783,784
E,784,785
E,784,831
V,684
E,226,684
E,646,684
E,647,684
E,681,684
E,682,684
E,683,684
V,465
E,462,465
E,464,465
E,465,466
E,465,470
E,465,471
E,465,472
V,331
E,18,331
E,80,331
E,313,331
E,329,331
E,331,345
V,381
E,95,381
E,96,381
E,378,381
E,380,381
E,381,382
V,192
E,192,194
E,192,755
E,192,761
E,192,763
V,81
E,18,81
E,81,312
E,81,317
E,81,325
E,81,327
E,81,328
E,81,330
V,809
E,43,809
E,809,810
E,809,811
E,809,812
E,809,824
E,809,826
V,738
E,46,738
E,736,738
E,737,738
E,738,739
E,738,801
E,738,802
V,1010
E,62,1010
E,64,1010
E,253,1010
E,1001,1010
E,1008,1010
E,1009,1010
E,1010,1011
V,457
E,115,457
E,452,457
E,455,457
E,456,457
E,457,458
E,457,459
E,457,472
V,1008
E,53,1008
E,214,1008
E,1008,1009
E,1008,1010
E,1008,1011
E,1008,1012
V,913
E,82,913
E,336,913
E,337,913
E,367,913
E,368,913
E,369,913
E,911,913
E,912,913
E,913,914
V,940
E,918,940
E,926,940
E,928,940
E,929,940
E,938,940
E,939,940
E,940,941
E,940,992
V,831
E,211,831
E,771,831
E,784,831
E,785,831
E,789,831
E,827,831
E,831,833
E,831,835
E,831,846
E,831,1014
V,272
E,70,272
E,269,272
E,270,272
E,272,275
E,272,278
E,272,280
V,726
E,182,726
E,184,726
E,695,726
E,725,726
E,726,727
E,726,728
E,726,734
V,548
E,29,548
E,152,548
E,545,548
E,548,549
E,548,552
E,548,553
V,92
E,24,92
E,92,373
E,92,374
E,92,375
V,469
E,116,469
E,118,469
E,467,469
E,468,469
E,469,612
V,359
E,89,359
E,100,359
E,359,360
E,359,393
E,359,394
V,491
E,113,491
E,114,491
E,483,491
E,489,491
E,491,493
V,582
E,36,582
E,146,582
E,176,582
E,579,582
E,580,582
E,582,585
E,582,700
V,257
E,69,257
E,110,257
E,257,258
E,257,260
E,257,273
E,257,493
V,22
E,22,237
E,22,944
E,22,945
E,22,948
E,22,950
V,656
E,42,656
E,654,656
E,655,656
E,656,882
E,656,891
E,656,892
E,656,894
V,510
E,130,510
E,493,510
E,507,510
E,509,510
E,510,511
E,510,512
E,510,513
E,510,514
V,689
E,37,689
E,38,689
E,689,690
E,689,693
E,689,695
E,689,699
V,228
E,228,911
E,228,942
E,228,943
E,228,944
E,228,945
V,957
E,16,957
E,323,957
E,324,957
E,325,957
E,948,957
E,949,957
V,180
E,179,180
E,180,181
E,180,723
E,180,750
E,180,751
E,180,752
V,301
E,65,301
E,66,301
E,299,301
V,737
E,167,737
E,736,737
E,737,738
E,737,739
E,737,745
E,737,747
V,91
E,24,91
E,91,361
E,91,362
E,91,363
E,91,366
E,91,376
V,364
E,86,364
E,87,364
E,90,364
E,355,364
E,357,364
E,363,364
V,60
E,60,61
E,60,232
E,60,995
E,60,996
E,60,997
E,60,1000
V,860
E,232,860
E,858,860
E,859,860
E,860,861
E,860,871
V,370
E,93,370
E,94,370
E,370,371
E,370,372
E,370,910
V,337
E,332,337
E,335,337
E,336,337
E,337,339
E,337,368
E,337,913
V,498
E,126,498
E,498,499
E,498,500
E,498,501
E,498,504
E,498,505
E,498,506
V,681
E,647,681
E,665,681
E,680,681
E,681,682
E,681,683
E,681,684
E,681,685
V,155
E,153,155
E,155,607
E,155,608
E,155,609
V,996
E,60,996
E,250,996
E,991,996
E,994,996
E,995,996
E,996,1000
V,155
E,153,155
E,155,607
E,155,608
E,155,609
V,564
E,34,564
E,137,564
E,560,564
E,564,565
E,564,566
E,564,567
E,564,570
E,564,571
V,20
E,5,20
E,20,239
E,20,318
E,20,319
E,20,321
E,20,322
V,569
E,144,569
E,145,569
E,569,573
E,569,578
E,569,579
E,569,585
V,953
E,950,953
E,951,953
E,953,954
E,953,955
E,953,967
E,953,969
V,347
E,77,347
E,292,347
E,310,347
E,344,347
V,374
E,24,374
E,92,374
E,372,374
E,373,374
V,487
E,483,487
E,484,487
E,485,487
E,486,487
E,487,488
V,427
E,424,427
E,426,427
E,427,428
E,427,432
V,276
E,274,276
E,275,276
E,276,277
E,276,278
E,276,285
V,507
E,130,507
E,492,507
E,493,507
E,497,507
E,505,507
E,506,507
E,507,508
E,507,510
V,620
E,30,620
E,156,620
E,619,620
E,620,621
E,620,625
V,167
E,167,183
E,167,737
E,167,745
E,167,746
E,167,747
E,167,748
V,838
E,217,838
E,218,838
E,834,838
E,838,839
E,838,856
V,509
E,127,509
E,130,509
E,509,510
E,509,511
V,84
E,83,84
E,84,85
E,84,339
E,84,340
E,84,342
E,84,343
V,774
E,47,774
E,771,774
E,772,774
E,773,774
V,369
E,93,369
E,94,369
E,367,369
E,369,912
E,369,913
V,787
E,785,787
E,786,787
E,787,788
E,787,789
E,787,796
V,932
E,250,932
E,930,932
E,931,932
E,932,933
E,932,934
E,932,990
V,117
E,117,402
E,117,403
E,117,409
E,117,468
E,117,623
V,412
E,102,412
E,396,412
E,408,412
E,409,412
E,411,412
V,340
E,79,340
E,84,340
E,332,340
E,339,340
E,340,342
V,575
E,144,575
E,178,575
E,575,576
E,575,577
E,575,580
V,326
E,324,326
E,325,326
E,326,327
E,326,333
E,326,334
E,326,947
V,242
E,242,955
E,242,956
E,242,963
E,242,964
E,242,967
V,78
E,77,78
E,78,341
E,78,344
E,78,348
E,78,350
V,446
E,112,446
E,439,446
E,440,446
E,444,446
E,446,447
V,1008
E,53,1008
E,214,1008
E,1008,1009
E,1008,1010
E,1008,1011
E,1008,1012
V,196
E,48,196
E,187,196
E,196,760
E,196,775
E,196,777
V,20
E,5,20
E,20,239
E,20,318
E,20,319
E,20,321
E,20,322
V,959
E,241,959
E,321,959
E,956,959
E,958,959
E,959,960
V,206
E,204,206
E,206,207
E,206,791
E,206,824
E,206,825
E,206,826
V,668
E,164,668
E,666,668
E,668,670
E,668,672
E,668,674
V,766
E,191,766
E,756,766
E,763,766
E,765,766
E,766,767
V,129
E,128,129
E,129,517
E,129,519
E,129,520
E,129,524
E,129,526
V,901
E,896,901
E,900,901
E,901,902
E,901,904
E,901,907
E,901,909
V,720
E,709,720
E,718,720
E,719,720
E,720,721
E,720,754
V,309
E,74,309
E,293,309
E,308,309
E,309,310
E,309,311
V,999
E,249,999
E,981,999
E,983,999
E,985,999
E,989,999
E,998,999
E,999,1000
V,734
E,184,734
E,695,734
E,726,734
E,733,734
E,734,735
V,757
E,188,757
E,191,757
E,756,757
E,757,758
V,298
E,6,298
E,66,298
E,68,298
E,264,298
E,280,298
E,281,298
V,981
E,980,981
E,981,982
E,981,983
E,981,984
E,981,985
E,981,986
E,981,999
E,981,1018
V,848
E,55,848
E,845,848
E,847,848
E,848,849
E,848,854
V,167
E,167,183
E,167,737
E,167,745
E,167,746
E,167,747
E,167,748
V,180
E,179,180
E,180,181
E,180,723
E,180,750
E,180,751
E,180,752
V,415
E,356,415
E,410,415
E,413,415
E,414,415
E,415,416
V,401
E,102,401
E,399,401
E,401,402
E,401,409
V,311
E,305,311
E,308,311
E,309,311
E,310,311
E,311,312
E,311,313
E,311,315
E,311,346
V,744
E,186,744
E,187,744
E,744,745
E,744,746
V,861
E,61,861
E,216,861
E,232,861
E,857,861
E,859,861
E,860,861
E,861,862
E,861,874
V,230
E,221,230
E,224,230
E,230,919
E,230,920
E,230,921
E,230,923
E,230,924
V,181
E,179,181
E,180,181
E,181,182
E,181,723
E,181,725
E,181,749
V,747
E,12,747
E,167,747
E,183,747
E,184,747
E,732,747
E,735,747
E,736,747
E,737,747
V,531
E,132,531
E,522,531
E,523,531
E,528,531
E,529,531
E,530,531
E,531,532
E,531,562
V,961
E,5,961
E,21,961
E,239,961
E,960,961
E,961,962
V,99
E,98,99
E,99,375
E,99,376
E,99,377
E,99,379
E,99,393
E,99,394
V,0
V,526
E,129,526
E,517,526
E,524,526
E,525,526
V,235
E,234,235
E,235,237
E,235,238
E,235,933
E,235,936
E,235,937
E,235,951
V,955
E,3,955
E,242,955
E,953,955
E,954,955
E,955,956
E,955,967
V,530
E,131,530
E,527,530
E,529,530
E,530,531
E,530,562
V,611
E,118,611
E,153,611
E,478,611
E,611,612
E,611,621
E,611,622
V,860
E,232,860
E,858,860
E,859,860
E,860,861
E,860,871
V,970
E,236,970
E,951,970
E,952,970
E,968,970
E,969,970
E,970,973
V,1002
E,62,1002
E,1002,1003
E,1002,1004
E,1002,1005
E,1002,1006
E,1002,1007
V,529
E,131,529
E,527,529
E,528,529
E,529,530
E,529,531
V,949
E,3,949
E,16,949
E,948,949
E,949,957
V,249
E,249,985
E,249,987
E,249,989
E,249,999
V,955
E,3,955
E,242,955
E,953,955
E,954,955
E,955,956
E,955,967
V,721
E,718,721
E,720,721
E,721,722
E,721,724
E,721,750
E,721,752
E,721,754
V,36
E,36,146
E,36,581
E,36,582
E,36,699
E,36,700
V,266
E,67,266
E,70,266
E,265,266
E,266,267
E,266,268
E,266,270
V,665
E,13,665
E,163,665
E,647,665
E,665,677
E,665,680
E,665,681
V,235
E,234,235
E,235,237
E,235,238
E,235,933
E,235,936
E,235,937
E,235,951
V,29
E,29,151
E,29,152
E,29,548
E,29,549
E,29,550
E,29,605
V,251
E,251,253
E,251,1013
E,251,1015
E,251,1024
V,837
E,41,837
E,218,837
E,834,837
E,836,837
V,258
E,69,258
E,257,258
E,258,259
E,258,260
E,258,267
V,399
E,102,399
E,397,399
E,398,399
E,399,400
E,399,401
E,399,402
E,399,623
V,771
E,767,771
E,768,771
E,769,771
E,770,771
E,771,772
E,771,773
E,771,774
E,771,784
E,771,831
V,828
E,207,828
E,790,828
E,792,828
E,828,829
E,828,830
V,877
E,41,877
E,815,877
E,819,877
E,869,877
E,875,877
E,877,878
E,877,879
V,567
E,32,567
E,146,567
E,552,567
E,564,567
E,565,567
E,567,568
E,567,571
E,567,584
E,567,585
V,724
E,716,724
E,717,724
E,718,724
E,721,724
E,722,724
E,723,724
V,796
E,197,796
E,780,796
E,785,796
E,786,796
E,787,796
E,794,796
E,795,796
V,709
E,177,709
E,178,709
E,706,709
E,707,709
E,709,718
E,709,719
E,709,720
V,894
E,652,894
E,654,894
E,656,894
E,891,894
E,893,894
E,894,895
V,252
E,64,252
E,252,1011
E,252,1012
E,252,1014
V,662
E,648,662
E,660,662
E,661,662
E,662,663
E,662,664
V,553
E,545,553
E,548,553
E,552,553
E,553,558
E,553,568
V,161
E,159,161
E,161,162
E,161,595
E,161,596
E,161,685
E,161,687
E,161,688
V,304
E,1,304
E,75,304
E,293,304
E,295,304
E,303,304
E,304,306
E,304,307
V,814
E,14,814
E,43,814
E,166,814
E,803,814
E,804,814
E,812,814
E,813,814
E,814,818
V,97
E,97,98
E,97,377
E,97,378
E,97,387
V,2
E,2,650
E,2,651
E,2,652
E,2,896
E,2,897
E,2,898
V,871
E,232,871
E,858,871
E,860,871
E,868,871
E,869,871
E,870,871
E,871,875
E,871,923
V,617
E,156,617
E,613,617
E,615,617
E,617,618
E,617,628
V,818
E,812,818
E,813,818
E,814,818
E,817,818
E,818,820
V,480
E,31,480
E,124,480
E,477,480
E,479,480
E,480,481
E,480,541
E,480,542
V,904
E,887,904
E,888,904
E,893,904
E,895,904
E,896,904
E,901,904
E,902,904
E,903,904
V,910
E,370,910
E,371,910
E,372,910
E,382,910
E,899,910
E,900,910
E,910,915
V,300
E,1,300
E,6,300
E,65,300
E,66,300
E,300,302
V,118
E,116,118
E,118,121
E,118,469
E,118,475
E,118,478
E,118,611
E,118,612
V,541
E,122,541
E,123,541
E,124,541
E,480,541
E,540,541
E,541,542
V,789
E,208,789
E,785,789
E,787,789
E,788,789
E,789,827
E,789,829
E,789,831
V,546
E,31,546
E,119,546
E,152,546
E,542,546
E,543,546
E,546,547
E,546,555
E,546,556
E,546,610
V,747
E,12,747
E,167,747
E,183,747
E,184,747
E,732,747
E,735,747
E,736,747
E,737,747
V,285
E,107,285
E,276,285
E,277,285
E,278,285
E,279,285
E,284,285
V,597
E,159,597
E,596,597
E,597,598
E,597,599
E,597,600
E,597,601
E,597,616
V,324
E,324,325
E,324,326
E,324,947
E,324,948
E,324,957
V,282
E,68,282
E,73,282
E,281,282
E,282,283
E,282,284
E,282,291
V,849
E,54,849
E,55,849
E,213,849
E,848,849
E,849,852
E,849,854
V,617
E,156,617
E,613,617
E,615,617
E,617,618
E,617,628
V,194
E,192,194
E,194,761
E,194,762
E,194,763
V,427
E,424,427
E,426,427
E,427,428
E,427,432
V,519
E,129,519
E,511,519
E,515,519
E,517,519
E,518,519
E,519,520
V,295
E,19,295
E,74,295
E,75,295
E,76,295
E,293,295
E,295,304
V,745
E,167,745
E,186,745
E,737,745
E,739,745
E,744,745
E,745,746
V,814
E,14,814
E,43,814
E,166,814
E,803,814
E,804,814
E,812,814
E,813,814
E,814,818
V,401
E,102,401
E,399,401
E,401,402
E,401,409
V,118
E,116,118
E,118,121
E,118,469
E,118,475
E,118,478
E,118,611
E,118,612
