V,920
E,227,920
E,230,920
E,918,920
E,919,920
E,920,921
E,920,941
V,972
E,59,972
E,233,972
E,245,972
E,934,972
E,971,972
E,972,974
E,972,978
V,828
E,207,828
E,790,828
E,792,828
E,828,829
E,828,830
V,434
E,27,434
E,425,434
E,426,434
E,432,434
E,433,434
E,434,435
V,36
E,36,146
E,36,581
E,36,582
E,36,699
E,36,700
V,975
E,244,975
E,245,975
E,247,975
E,975,979
V,290
E,72,290
E,73,290
E,283,290
E,289,290
V,973
E,233,973
E,952,973
E,968,973
E,970,973
V,759
E,49,759
E,758,759
E,759,760
E,759,761
E,759,778
V,259
E,67,259
E,258,259
E,259,260
E,259,267
E,259,268
V,1002
E,62,1002
E,1002,1003
E,1002,1004
E,1002,1005
E,1002,1006
E,1002,1007
V,787
E,785,787
E,786,787
E,787,788
E,787,789
E,787,796
V,96
E,40,96
E,95,96
E,96,378
E,96,381
E,96,384
E,96,387
V,627
E,8,627
E,156,627
E,157,627
E,626,627
E,627,628
E,627,629
E,627,631
V,767
E,189,767
E,193,767
E,756,767
E,765,767
E,766,767
E,767,768
E,767,771
V,127
E,126,127
E,127,130
E,127,503
E,127,508
E,127,509
E,127,511
V,652
E,2,652
E,651,652
E,652,654
E,652,894
E,652,895
E,652,896
V,93
E,24,93
E,93,94
E,93,366
E,93,367
E,93,369
E,93,370
E,93,372
V,870
E,858,870
E,869,870
E,870,871
E,870,872
E,870,873
V,541
E,122,541
E,123,541
E,124,541
E,480,541
E,540,541
E,541,542
V,847
E,55,847
E,212,847
E,843,847
E,844,847
E,845,847
E,846,847
E,847,848
V,538
E,125,538
E,503,538
E,504,538
E,521,538
E,537,538
V,218
E,41,218
E,217,218
E,218,834
E,218,837
E,218,838
E,218,869
V,802
E,46,802
E,671,802
E,672,802
E,673,802
E,738,802
E,801,802
V,910
E,370,910
E,371,910
E,372,910
E,382,910
E,899,910
E,900,910
E,910,915
V,11
E,11,45
E,11,52
E,11,202
E,11,739
E,11,798
V,494
E,486,494
E,489,494
E,492,494
E,494,495
E,494,497
V,356
E,71,356
E,103,356
E,104,356
E,286,356
E,353,356
E,354,356
E,356,414
E,356,415
E,356,416
V,884
E,223,884
E,880,884
E,881,884
E,884,885
V,471
E,9,471
E,116,471
E,465,471
E,467,471
E,470,471
E,471,472
V,356
E,71,356
E,103,356
E,104,356
E,286,356
E,353,356
E,354,356
E,356,414
E,356,415
E,356,416
V,906
E,227,906
E,905,906
E,906,907
E,906,908
E,906,909
E,906,943
V,459
E,443,459
E,445,459
E,450,459
E,451,459
E,452,459
E,457,459
E,458,459
E,459,460
V,194
E,192,194
E,194,761
E,194,762
E,194,763
V,900
E,896,900
E,899,900
E,900,901
E,900,909
E,900,910
E,900,915
V,237
E,22,237
E,235,237
E,237,238
E,237,942
E,237,944
E,237,950
E,237,951
V,677
E,13,677
E,163,677
E,170,677
E,665,677
E,666,677
E,675,677
E,677,678
V,85
E,84,85
E,85,342
E,85,343
E,85,349
E,85,351
V,740
E,52,740
E,198,740
E,199,740
E,200,740
E,740,779
E,740,798
V,974
E,233,974
E,244,974
E,245,974
E,965,974
E,966,974
E,968,974
E,972,974
E,974,976
V,379
E,23,379
E,25,379
E,99,379
E,377,379
E,379,393
V,1005
E,61,1005
E,862,1005
E,1002,1005
E,1004,1005
E,1005,1006
V,324
E,324,325
E,324,326
E,324,947
E,324,948
E,324,957
V,92
E,24,92
E,92,373
E,92,374
E,92,375
V,223
E,58,223
E,223,881
E,223,884
E,223,885
E,223,886
E,223,888
E,223,890
V,46
E,46,673
E,46,731
E,46,736
E,46,738
E,46,802
V,874
E,213,874
E,857,874
E,859,874
E,861,874
E,873,874
V,181
E,179,181
E,180,181
E,181,182
E,181,723
E,181,725
E,181,749
V,456
E,114,456
E,115,456
E,455,456
E,456,457
E,456,490
V,51
E,51,204
E,51,219
E,51,220
E,51,823
V,348
E,78,348
E,341,348
E,348,349
E,348,350
V,183
E,167,183
E,183,184
E,183,725
E,183,747
E,183,748
V,36
E,36,146
E,36,581
E,36,582
E,36,699
E,36,700
V,1019
E,253,1019
E,254,1019
E,255,1019
E,1001,1019
E,1013,1019
E,1017,1019
E,1019,1021
V,30
E,30,620
E,30,621
E,30,622
E,30,623
E,30,624
E,30,625
V,227
E,227,229
E,227,905
E,227,906
E,227,916
E,227,920
E,227,921
E,227,941
E,227,943
V,778
E,48,778
E,759,778
E,760,778
E,761,778
V,677
E,13,677
E,163,677
E,170,677
E,665,677
E,666,677
E,675,677
E,677,678
V,549
E,29,549
E,147,549
E,548,549
E,549,550
E,549,552
E,549,588
E,549,589
V,256
E,243,256
E,246,256
E,256,979
E,256,982
E,256,1014
E,256,1020
E,256,1023
E,256,1024
V,459
E,443,459
E,445,459
E,450,459
E,451,459
E,452,459
E,457,459
E,458,459
E,459,460
V,139
E,33,139
E,137,139
E,138,139
E,139,141
E,139,560
E,139,563
E,139,572
V,926
E,917,926
E,918,926
E,926,927
E,926,928
E,926,940
V,52
E,11,52
E,45,52
E,52,186
E,52,200
E,52,739
E,52,740
E,52,798
V,169
E,168,169
E,169,675
E,169,676
E,169,692
E,169,693
E,169,694
V,830
E,207,830
E,208,830
E,209,830
E,822,830
E,827,830
E,828,830
E,829,830
V,372
E,24,372
E,93,372
E,370,372
E,372,373
E,372,374
E,372,382
E,372,910
V,872
E,56,872
E,215,872
E,217,872
E,869,872
E,870,872
E,872,873
V,1010
E,62,1010
E,64,1010
E,253,1010
E,1001,1010
E,1008,1010
E,1009,1010
E,1010,1011
V,203
E,197,203
E,201,203
E,203,793
E,203,798
E,203,799
E,203,807
E,203,808
V,740
E,52,740
E,198,740
E,199,740
E,200,740
E,740,779
E,740,798
V,572
E,35,572
E,137,572
E,139,572
E,143,572
E,145,572
E,563,572
E,570,572
E,572,573
E,572,574
V,697
E,695,697
E,696,697
E,697,711
E,697,712
E,697,728
V,456
E,114,456
E,115,456
E,455,456
E,456,457
E,456,490
V,699
E,36,699
E,37,699
E,38,699
E,581,699
E,689,699
E,698,699
E,699,700
V,911
E,82,911
E,228,911
E,911,913
E,911,914
E,911,943
E,911,945
V,338
E,17,338
E,83,338
E,338,339
E,338,363
E,338,365
V,738
E,46,738
E,736,738
E,737,738
E,738,739
E,738,801
E,738,802
V,115
E,9,115
E,115,456
E,115,457
E,115,472
E,115,490
V,248
E,248,987
E,248,988
E,248,989
E,248,990
V,540
E,123,540
E,124,540
E,485,540
E,502,540
E,540,541
V,595
E,161,595
E,593,595
E,594,595
E,595,596
E,595,688
V,311
E,305,311
E,308,311
E,309,311
E,310,311
E,311,312
E,311,313
E,311,315
E,311,346
V,87
E,86,87
E,87,88
E,87,105
E,87,288
E,87,352
E,87,355
E,87,364
V,573
E,35,573
E,145,573
E,569,573
E,572,573
E,573,577
E,573,578
V,205
E,205,791
E,205,806
E,205,807
E,205,808
E,205,810
E,205,825
V,325
E,81,325
E,323,325
E,324,325
E,325,326
E,325,327
E,325,328
E,325,957
V,958
E,240,958
E,241,958
E,321,958
E,323,958
E,958,959
V,149
E,149,158
E,149,600
E,149,605
E,149,606
E,149,607
E,149,614
V,202
E,11,202
E,201,202
E,202,739
E,202,797
E,202,798
E,202,801
V,43
E,43,166
E,43,805
E,43,809
E,43,811
E,43,812
E,43,814
V,279
E,278,279
E,279,280
E,279,281
E,279,284
E,279,285
V,12
E,12,173
E,12,732
E,12,733
E,12,735
E,12,747
V,38
E,38,148
E,38,581
E,38,689
E,38,690
E,38,699
V,29
E,29,151
E,29,152
E,29,548
E,29,549
E,29,550
E,29,605
V,619
E,156,619
E,613,619
E,619,620
E,619,621
V,599
E,593,599
E,596,599
E,597,599
E,599,601
E,599,602
E,599,603
V,1021
E,254,1021
E,255,1021
E,1017,1021
E,1019,1021
E,1020,1021
E,1021,1022
E,1021,1023
V,547
E,151,547
E,152,547
E,154,547
E,546,547
E,547,609
E,547,610
V,557
E,10,557
E,135,557
E,532,557
E,534,557
E,544,557
E,557,559
V,516
E,513,516
E,514,516
E,515,516
E,516,517
E,516,518
E,516,561
V,843
E,840,843
E,841,843
E,842,843
E,843,844
E,843,845
E,843,847
E,843,855
V,556
E,119,556
E,546,556
E,555,556
V,691
E,690,691
E,691,692
E,691,693
V,746
E,167,746
E,187,746
E,744,746
E,745,746
E,746,748
E,746,749
E,746,751
V,361
E,90,361
E,91,361
E,361,362
E,361,376
E,361,394
V,607
E,149,607
E,151,607
E,155,607
E,605,607
E,607,608
E,607,609
E,607,613
E,607,614
V,588
E,549,588
E,550,588
E,587,588
E,588,589
V,837
E,41,837
E,218,837
E,834,837
E,836,837
V,692
E,169,692
E,171,692
E,172,692
E,676,692
E,688,692
E,690,692
E,691,692
E,692,693
V,607
E,149,607
E,151,607
E,155,607
E,605,607
E,607,608
E,607,609
E,607,613
E,607,614
V,397
E,101,397
E,102,397
E,395,397
E,396,397
E,397,398
E,397,399
V,1002
E,62,1002
E,1002,1003
E,1002,1004
E,1002,1005
E,1002,1006
E,1002,1007
V,968
E,233,968
E,966,968
E,968,969
E,968,970
E,968,973
E,968,974
V,299
E,65,299
E,66,299
E,261,299
E,262,299
E,299,301
V,727
E,182,727
E,714,727
E,716,727
E,723,727
E,726,727
E,727,728
E,727,730
V,1022
E,63,1022
E,255,1022
E,1021,1022
E,1022,1023
V,700
E,36,700
E,176,700
E,582,700
E,698,700
E,699,700
V,309
E,74,309
E,293,309
E,308,309
E,309,310
E,309,311
V,977
E,246,977
E,977,979
E,977,980
V,846
E,212,846
E,214,846
E,831,846
E,833,846
E,844,846
E,846,847
E,846,1014
V,76
E,19,76
E,75,76
E,76,294
E,76,295
E,76,296
E,76,303
V,1002
E,62,1002
E,1002,1003
E,1002,1004
E,1002,1005
E,1002,1006
E,1002,1007
V,655
E,42,655
E,653,655
E,654,655
E,655,656
V,338
E,17,338
E,83,338
E,338,339
E,338,363
E,338,365
V,469
E,116,469
E,118,469
E,467,469
E,468,469
E,469,612
V,394
E,90,394
E,99,394
E,359,394
E,360,394
E,361,394
E,376,394
E,393,394
V,581
E,36,581
E,38,581
E,146,581
E,148,581
E,581,583
E,581,584
E,581,592
E,581,699
V,19
E,19,74
E,19,76
E,19,292
E,19,294
E,19,295
E,19,310
V,603
E,590,603
E,591,603
E,593,603
E,594,603
E,599,603
E,602,603
V,25
E,23,25
E,25,377
E,25,379
E,25,387
E,25,388
E,25,640
V,97
E,97,98
E,97,377
E,97,378
E,97,387
V,443
E,443,445
E,443,447
E,443,448
E,443,450
E,443,459
V,739
E,11,739
E,52,739
E,186,739
E,202,739
E,737,739
E,738,739
E,739,745
E,739,801
V,223
E,58,223
E,223,881
E,223,884
E,223,885
E,223,886
E,223,888
E,223,890
V,298
E,6,298
E,66,298
E,68,298
E,264,298
E,280,298
E,281,298
V,991
E,250,991
E,989,991
E,990,991
E,991,996
E,991,1000
V,495
E,486,495
E,494,495
E,495,496
E,495,497
V,569
E,144,569
E,145,569
E,569,573
E,569,578
E,569,579
E,569,585
V,318
E,1,318
E,5,318
E,20,318
E,243,318
E,314,318
E,316,318
E,317,318
E,318,319
V,670
E,164,670
E,165,670
E,668,670
E,669,670
E,670,672
E,670,804
V,899
E,95,899
E,382,899
E,896,899
E,897,899
E,899,900
E,899,910
V,415
E,356,415
E,410,415
E,413,415
E,414,415
E,415,416
V,782
E,50,782
E,776,782
E,781,782
E,782,783
E,782,784
V,848
E,55,848
E,845,848
E,847,848
E,848,849
E,848,854
V,524
E,128,524
E,129,524
E,133,524
E,523,524
E,524,525
E,524,526
V,370
E,93,370
E,94,370
E,370,371
E,370,372
E,370,910
V,958
E,240,958
E,241,958
E,321,958
E,323,958
E,958,959
V,363
E,83,363
E,86,363
E,90,363
E,91,363
E,338,363
E,362,363
E,363,364
E,363,365
E,363,366
V,61
E,60,61
E,61,232
E,61,861
E,61,862
E,61,997
E,61,1004
E,61,1005
V,441
E,27,441
E,112,441
E,436,441
E,440,441
E,441,442
V,157
E,156,157
E,157,389
E,157,390
E,157,625
E,157,626
E,157,627
V,111
E,111,112
E,111,406
E,111,407
E,111,408
E,111,442
V,783
E,780,783
E,781,783
E,782,783
E,783,784
E,783,785
V,557
E,10,557
E,135,557
E,532,557
E,534,557
E,544,557
E,557,559
V,1019
E,253,1019
E,254,1019
E,255,1019
E,1001,1019
E,1013,1019
E,1017,1019
E,1019,1021
V,864
E,863,864
E,864,865
E,864,866
E,864,867
E,864,993
E,864,994
V,52
E,11,52
E,45,52
E,52,186
E,52,200
E,52,739
E,52,740
E,52,798
V,901
E,896,901
E,900,901
E,901,902
E,901,904
E,901,907
E,901,909
V,7
E,7,26
E,7,391
E,7,398
E,7,400
V,477
E,121,477
E,476,477
E,477,479
E,477,480
E,477,481
V,497
E,492,497
E,494,497
E,495,497
E,496,497
E,497,499
E,497,505
E,497,507
V,520
E,128,520
E,129,520
E,503,520
E,511,520
E,519,520
E,520,521
V,876
E,875,876
E,876,878
E,876,879
E,876,925
V,552
E,32,552
E,147,552
E,548,552
E,549,552
E,552,553
E,552,567
E,552,568
V,618
E,615,618
E,617,618
E,618,628
E,618,633
V,307
E,293,307
E,304,307
E,305,307
E,306,307
E,307,308
V,689
E,37,689
E,38,689
E,689,690
E,689,693
E,689,695
E,689,699
V,669
E,164,669
E,659,669
E,667,669
E,669,670
E,669,804
V,1012
E,214,1012
E,252,1012
E,1008,1012
E,1011,1012
E,1012,1014
V,583
E,147,583
E,581,583
E,583,584
E,583,586
E,583,591
E,583,592
V,113
E,113,114
E,113,454
E,113,491
E,113,493
V,45
E,11,45
E,45,52
E,45,798
V,98
E,97,98
E,98,99
E,98,375
E,98,377
E,98,378
E,98,380
V,172
E,171,172
E,172,679
E,172,687
E,172,688
E,172,692
V,124
E,124,480
E,124,481
E,124,482
E,124,484
E,124,485
E,124,540
E,124,541
V,615
E,613,615
E,614,615
E,615,616
E,615,617
E,615,618
E,615,633
E,615,634
E,615,635
V,749
E,179,749
E,181,749
E,725,749
E,746,749
E,748,749
E,749,751
V,812
E,43,812
E,809,812
E,812,814
E,812,818
E,812,820
E,812,823
E,812,824
V,809
E,43,809
E,809,810
E,809,811
E,809,812
E,809,824
E,809,826
V,928
E,863,928
E,866,928
E,926,928
E,927,928
E,928,940
E,928,992
V,1004
E,61,1004
E,997,1004
E,1002,1004
E,1003,1004
E,1004,1005
V,988
E,248,988
E,934,988
E,978,988
E,985,988
E,986,988
E,987,988
E,988,990
V,867
E,864,867
E,865,867
E,866,867
E,867,868
E,867,923
V,192
E,192,194
E,192,755
E,192,761
E,192,763
V,545
E,119,545
E,152,545
E,545,548
E,545,551
E,545,553
E,545,558
V,460
E,405,460
E,406,460
E,445,460
E,458,460
E,459,460
E,460,461
E,460,462
E,460,463
V,629
E,8,629
E,388,629
E,627,629
E,629,630
E,629,631
E,629,639
E,629,640
V,378
E,96,378
E,97,378
E,98,378
E,378,380
E,378,381
E,378,387
V,485
E,124,485
E,484,485
E,485,486
E,485,487
E,485,496
E,485,502
E,485,540
V,1011
E,64,1011
E,252,1011
E,1008,1011
E,1010,1011
E,1011,1012
V,132
E,132,133
E,132,523
E,132,525
E,132,528
E,132,531
E,132,561
V,555
E,119,555
E,543,555
E,544,555
E,546,555
E,554,555
E,555,556
E,555,559
V,159
E,159,161
E,159,596
E,159,597
E,159,598
E,159,636
E,159,683
E,159,685
V,401
E,102,401
E,399,401
E,401,402
E,401,409
V,907
E,901,907
E,902,907
E,903,907
E,905,907
E,906,907
E,907,909
V,806
E,205,806
E,799,806
E,806,807
E,806,810
E,806,811
V,169
E,168,169
E,169,675
E,169,676
E,169,692
E,169,693
E,169,694
V,38
E,38,148
E,38,581
E,38,689
E,38,690
E,38,699
V,240
E,16,240
E,240,241
E,240,323
E,240,958
V,918
E,917,918
E,918,919
E,918,920
E,918,926
E,918,940
E,918,941
V,883
E,657,883
E,658,883
E,815,883
E,816,883
E,880,883
E,881,883
E,882,883
V,1011
E,64,1011
E,252,1011
E,1008,1011
E,1010,1011
E,1011,1012
V,376
E,24,376
E,91,376
E,99,376
E,361,376
E,375,376
E,376,394
V,586
E,147,586
E,583,586
E,586,589
E,586,590
E,586,591
