V,967
E,242,967
E,953,967
E,955,967
E,963,967
E,965,967
E,966,967
E,967,969
V,564
E,34,564
E,137,564
E,560,564
E,564,565
E,564,566
E,564,567
E,564,570
E,564,571
V,567
E,32,567
E,146,567
E,552,567
E,564,567
E,565,567
E,567,568
E,567,571
E,567,584
E,567,585
V,993
E,231,993
E,250,993
E,863,993
E,864,993
E,993,994
V,33
E,33,138
E,33,139
E,33,140
E,33,141
E,33,561
V,836
E,41,836
E,220,836
E,821,836
E,832,836
E,834,836
E,836,837
V,864
E,863,864
E,864,865
E,864,866
E,864,867
E,864,993
E,864,994
V,803
E,165,803
E,166,803
E,800,803
E,803,804
E,803,814
V,386
E,40,386
E,385,386
E,386,387
E,386,640
V,274
E,28,274
E,70,274
E,108,274
E,274,275
E,274,276
E,274,277
E,274,421
E,274,430
V,442
E,27,442
E,109,442
E,111,442
E,112,442
E,407,442
E,425,442
E,441,442
V,609
E,151,609
E,153,609
E,154,609
E,155,609
E,547,609
E,607,609
V,389
E,157,389
E,389,390
E,389,391
E,389,400
E,389,623
E,389,624
E,389,625
V,270
E,70,270
E,265,270
E,266,270
E,269,270
E,270,271
E,270,272
V,620
E,30,620
E,156,620
E,619,620
E,620,621
E,620,625
V,987
E,248,987
E,249,987
E,985,987
E,987,988
E,987,989
V,1016
E,983,1016
E,998,1016
E,1001,1016
E,1003,1016
E,1016,1017
V,27
E,27,425
E,27,434
E,27,435
E,27,436
E,27,441
E,27,442
V,314
E,312,314
E,314,315
E,314,316
E,314,317
E,314,318
V,1015
E,64,1015
E,251,1015
E,253,1015
E,1014,1015
E,1015,1024
V,800
E,165,800
E,166,800
E,671,800
E,797,800
E,799,800
E,800,803
E,800,805
V,380
E,98,380
E,373,380
E,375,380
E,378,380
E,380,381
E,380,382
V,85
E,84,85
E,85,342
E,85,343
E,85,349
E,85,351
V,878
E,875,878
E,876,878
E,877,878
E,878,879
V,851
E,216,851
E,851,862
E,851,1006
E,851,1007
V,279
E,278,279
E,279,280
E,279,281
E,279,284
E,279,285
V,617
E,156,617
E,613,617
E,615,617
E,617,618
E,617,628
V,37
E,37,689
E,37,695
E,37,698
E,37,699
V,887
E,887,888
E,887,889
E,887,903
E,887,904
E,887,905
V,209
E,209,211
E,209,822
E,209,827
E,209,830
E,209,832
V,601
E,597,601
E,599,601
E,600,601
E,601,602
E,601,606
V,460
E,405,460
E,406,460
E,445,460
E,458,460
E,459,460
E,460,461
E,460,462
E,460,463
V,962
E,5,962
E,21,962
E,243,962
E,961,962
V,557
E,10,557
E,135,557
E,532,557
E,534,557
E,544,557
E,557,559
V,927
E,866,927
E,917,927
E,924,927
E,926,927
E,927,928
V,338
E,17,338
E,83,338
E,338,339
E,338,363
E,338,365
V,676
E,169,676
E,170,676
E,171,676
E,675,676
E,676,692
V,35
E,35,572
E,35,573
E,35,574
E,35,576
E,35,577
V,231
E,231,250
E,231,863
E,231,931
E,231,992
E,231,993
V,916
E,227,916
E,229,916
E,238,916
E,916,941
V,567
E,32,567
E,146,567
E,552,567
E,564,567
E,565,567
E,567,568
E,567,571
E,567,584
E,567,585
V,967
E,242,967
E,953,967
E,955,967
E,963,967
E,965,967
E,966,967
E,967,969
V,663
E,649,663
E,654,663
E,660,663
E,662,663
E,663,664
V,57
E,57,58
E,57,224
E,57,886
E,57,922
V,876
E,875,876
E,876,878
E,876,879
E,876,925
V,381
E,95,381
E,96,381
E,378,381
E,380,381
E,381,382
V,811
E,43,811
E,799,811
E,805,811
E,806,811
E,809,811
E,810,811
V,908
E,906,908
E,908,909
E,908,914
E,908,915
E,908,943
V,740
E,52,740
E,198,740
E,199,740
E,200,740
E,740,779
E,740,798
V,420
E,108,420
E,417,420
E,418,420
E,419,420
E,420,421
E,420,422
V,838
E,217,838
E,218,838
E,834,838
E,838,839
E,838,856
V,108
E,108,274
E,108,277
E,108,419
E,108,420
E,108,421
V,322
E,20,322
E,317,322
E,319,322
E,320,322
E,321,322
V,476
E,121,476
E,475,476
E,476,477
E,476,481
V,1018
E,981,1018
E,982,1018
E,983,1018
E,1017,1018
E,1018,1020
V,969
E,951,969
E,953,969
E,966,969
E,967,969
E,968,969
E,969,970
V,678
E,163,678
E,170,678
E,171,678
E,677,678
E,678,679
E,678,686
V,336
E,82,336
E,332,336
E,333,336
E,334,336
E,336,337
E,336,913
E,336,946
V,277
E,107,277
E,108,277
E,274,277
E,276,277
E,277,285
E,277,418
E,277,419
V,864
E,863,864
E,864,865
E,864,866
E,864,867
E,864,993
E,864,994
V,701
E,177,701
E,701,702
E,701,703
E,701,705
E,701,707
E,701,708
V,864
E,863,864
E,864,865
E,864,866
E,864,867
E,864,993
E,864,994
V,1003
E,62,1003
E,997,1003
E,998,1003
E,1001,1003
E,1002,1003
E,1003,1004
E,1003,1016
V,11
E,11,45
E,11,52
E,11,202
E,11,739
E,11,798
V,928
E,863,928
E,866,928
E,926,928
E,927,928
E,928,940
E,928,992
V,325
E,81,325
E,323,325
E,324,325
E,325,326
E,325,327
E,325,328
E,325,957
V,665
E,13,665
E,163,665
E,647,665
E,665,677
E,665,680
E,665,681
V,901
E,896,901
E,900,901
E,901,902
E,901,904
E,901,907
E,901,909
V,505
E,497,505
E,498,505
E,499,505
E,505,506
E,505,507
V,741
E,185,741
E,199,741
E,200,741
V,232
E,60,232
E,61,232
E,232,860
E,232,861
E,232,865
E,232,868
E,232,871
E,232,995
V,945
E,22,945
E,82,945
E,228,945
E,911,945
E,944,945
E,945,947
E,945,948
V,841
E,839,841
E,840,841
E,841,842
E,841,843
V,71
E,71,73
E,71,106
E,71,107
E,71,284
E,71,286
E,71,356
E,71,416
V,95
E,95,96
E,95,381
E,95,382
E,95,384
E,95,641
E,95,897
E,95,898
E,95,899
V,979
E,243,979
E,244,979
E,246,979
E,247,979
E,256,979
E,975,979
E,976,979
E,977,979
E,979,980
V,75
E,75,76
E,75,295
E,75,303
E,75,304
V,210
E,210,833
E,210,835
E,210,842
E,210,844
V,62
E,62,1001
E,62,1002
E,62,1003
E,62,1007
E,62,1009
E,62,1010
V,47
E,47,195
E,47,772
E,47,773
E,47,774
E,47,775
V,347
E,77,347
E,292,347
E,310,347
E,344,347
V,390
E,8,390
E,157,390
E,388,390
E,389,390
E,390,391
E,390,626
V,523
E,128,523
E,132,523
E,133,523
E,136,523
E,522,523
E,523,524
E,523,531
V,340
E,79,340
E,84,340
E,332,340
E,339,340
E,340,342
V,295
E,19,295
E,74,295
E,75,295
E,76,295
E,293,295
E,295,304
V,973
E,233,973
E,952,973
E,968,973
E,970,973
V,410
E,407,410
E,410,411
E,410,413
E,410,414
E,410,415
V,98
E,97,98
E,98,99
E,98,375
E,98,377
E,98,378
E,98,380
V,324
E,324,325
E,324,326
E,324,947
E,324,948
E,324,957
V,175
E,175,176
E,175,696
E,175,698
E,175,702
E,175,710
V,743
E,186,743
E,187,743
E,742,743
E,743,776
E,743,777
V,871
E,232,871
E,858,871
E,860,871
E,868,871
E,869,871
E,870,871
E,871,875
E,871,923
V,776
E,50,776
E,742,776
E,743,776
E,776,777
E,776,781
E,776,782
V,535
E,120,535
E,135,535
E,522,535
E,532,535
E,533,535
V,773
E,47,773
E,50,773
E,771,773
E,773,774
E,773,775
E,773,784
V,391
E,7,391
E,23,391
E,26,391
E,388,391
E,389,391
E,390,391
E,391,392
E,391,400
V,955
E,3,955
E,242,955
E,953,955
E,954,955
E,955,956
E,955,967
V,487
E,483,487
E,484,487
E,485,487
E,486,487
E,487,488
V,60
E,60,61
E,60,232
E,60,995
E,60,996
E,60,997
E,60,1000
V,166
E,43,166
E,166,800
E,166,803
E,166,805
E,166,814
V,1018
E,981,1018
E,982,1018
E,983,1018
E,1017,1018
E,1018,1020
V,418
E,107,418
E,277,418
E,417,418
E,418,419
E,418,420
V,121
E,118,121
E,121,475
E,121,476
E,121,477
E,121,478
E,121,479
V,1018
E,981,1018
E,982,1018
E,983,1018
E,1017,1018
E,1018,1020
V,881
E,223,881
E,880,881
E,881,882
E,881,883
E,881,884
E,881,890
E,881,892
V,822
E,207,822
E,209,822
E,220,822
E,822,830
E,822,832
V,155
E,153,155
E,155,607
E,155,608
E,155,609
V,379
E,23,379
E,25,379
E,99,379
E,377,379
E,379,393
V,238
E,229,238
E,235,238
E,237,238
E,238,916
E,238,937
E,238,938
E,238,941
E,238,942
V,188
E,188,191
E,188,755
E,188,757
E,188,758
E,188,763
V,659
E,14,659
E,222,659
E,659,661
E,659,667
E,659,669
E,659,804
V,117
E,117,402
E,117,403
E,117,409
E,117,468
E,117,623
V,17
E,17,335
E,17,338
E,17,339
E,17,365
E,17,368
V,445
E,406,445
E,443,445
E,444,445
E,445,447
E,445,459
E,445,460
V,421
E,108,421
E,274,421
E,420,421
E,421,422
E,421,428
E,421,429
E,421,430
V,969
E,951,969
E,953,969
E,966,969
E,967,969
E,968,969
E,969,970
V,42
E,42,653
E,42,655
E,42,656
E,42,657
E,42,660
E,42,882
V,187
E,49,187
E,186,187
E,187,196
E,187,743
E,187,744
E,187,746
E,187,751
E,187,760
E,187,777
V,799
E,201,799
E,203,799
E,797,799
E,799,800
E,799,805
E,799,806
E,799,807
E,799,811
V,824
E,204,824
E,206,824
E,809,824
E,812,824
E,823,824
E,824,826
V,987
E,248,987
E,249,987
E,985,987
E,987,988
E,987,989
V,959
E,241,959
E,321,959
E,956,959
E,958,959
E,959,960
V,338
E,17,338
E,83,338
E,338,339
E,338,363
E,338,365
V,387
E,25,387
E,40,387
E,96,387
E,97,387
E,377,387
E,378,387
E,386,387
E,387,640
V,198
E,197,198
E,198,740
E,198,779
E,198,798
V,456
E,114,456
E,115,456
E,455,456
E,456,457
E,456,490
V,598
E,159,598
E,597,598
E,598,616
E,598,635
E,598,636
V,542
E,31,542
E,122,542
E,480,542
E,541,542
E,542,543
E,542,546
V,788
E,786,788
E,787,788
E,788,789
E,788,790
E,788,792
E,788,829
V,992
E,231,992
E,863,992
E,928,992
E,929,992
E,931,992
E,940,992
V,367
E,93,367
E,365,367
E,366,367
E,367,368
E,367,369
E,367,913
V,531
E,132,531
E,522,531
E,523,531
E,528,531
E,529,531
E,530,531
E,531,532
E,531,562
V,429
E,4,429
E,421,429
E,428,429
E,429,430
V,1018
E,981,1018
E,982,1018
E,983,1018
E,1017,1018
E,1018,1020
V,86
E,83,86
E,86,87
E,86,343
E,86,352
E,86,363
E,86,364
V,215
E,56,215
E,215,217
E,215,855
E,215,856
E,215,872
V,560
E,34,560
E,137,560
E,138,560
E,139,560
E,560,564
V,402
E,117,402
E,399,402
E,401,402
E,402,409
E,402,623
V,812
E,43,812
E,809,812
E,812,814
E,812,818
E,812,820
E,812,823
E,812,824
V,753
E,190,753
E,751,753
E,752,753
E,753,754
E,753,756
E,753,758
V,122
E,122,123
E,122,539
E,122,541
E,122,542
E,122,543
V,452
E,451,452
E,452,453
E,452,455
E,452,457
E,452,459
V,684
E,226,684
E,646,684
E,647,684
E,681,684
E,682,684
E,683,684
V,756
E,189,756
E,190,756
E,191,756
E,753,756
E,756,757
E,756,758
E,756,766
E,756,767
V,420
E,108,420
E,417,420
E,418,420
E,419,420
E,420,421
E,420,422
V,138
E,10,138
E,33,138
E,34,138
E,134,138
E,138,139
E,138,140
E,138,559
E,138,560
V,160
E,160,383
E,160,385
E,160,641
E,160,642
E,160,643
V,677
E,13,677
E,163,677
E,170,677
E,665,677
E,666,677
E,675,677
E,677,678
V,788
E,786,788
E,787,788
E,788,789
E,788,790
E,788,792
E,788,829
V,277
E,107,277
E,108,277
E,274,277
E,276,277
E,277,285
E,277,418
E,277,419
V,844
E,210,844
E,833,844
E,842,844
E,843,844
E,844,846
E,844,847
V,276
E,274,276
E,275,276
E,276,277
E,276,278
E,276,285
V,359
E,89,359
E,100,359
E,359,360
E,359,393
E,359,394
V,64
E,64,252
E,64,253
E,64,1010
E,64,1011
E,64,1014
E,64,1015
V,236
E,234,236
E,236,935
E,236,951
E,236,952
E,236,970
V,737
E,167,737
E,736,737
E,737,738
E,737,739
E,737,745
E,737,747
V,601
E,597,601
E,599,601
E,600,601
E,601,602
E,601,606
V,421
E,108,421
E,274,421
E,420,421
E,421,422
E,421,428
E,421,429
E,421,430
V,491
E,113,491
E,114,491
E,483,491
E,489,491
E,491,493
V,629
E,8,629
E,388,629
E,627,629
E,629,630
E,629,631
E,629,639
E,629,640
V,114
E,113,114
E,114,454
E,114,455
E,114,456
E,114,483
E,114,490
E,114,491
V,633
E,615,633
E,618,633
E,628,633
E,633,634
V,391
E,7,391
E,23,391
E,26,391
E,388,391
E,389,391
E,390,391
E,391,392
E,391,400
V,206
E,204,206
E,206,207
E,206,791
E,206,824
E,206,825
E,206,826
V,988
E,248,988
E,934,988
E,978,988
E,985,988
E,986,988
E,987,988
E,988,990
V,766
E,191,766
E,756,766
E,763,766
E,765,766
E,766,767
V,789
E,208,789
E,785,789
E,787,789
E,788,789
E,789,827
E,789,829
E,789,831
V,822
E,207,822
E,209,822
E,220,822
E,822,830
E,822,832
V,297
E,6,297
E,68,297
E,294,297
E,296,297
E,297,302
E,297,303
V,881
E,223,881
E,880,881
E,881,882
E,881,883
E,881,884
E,881,890
E,881,892
V,664
E,647,664
E,648,664
E,649,664
E,662,664
E,663,664
V,279
E,278,279
E,279,280
E,279,281
E,279,284
E,279,285
V,320
E,317,320
E,320,321
E,320,322
E,320,328
V,907
E,901,907
E,902,907
E,903,907
E,905,907
E,906,907
E,907,909
V,727
E,182,727
E,714,727
E,716,727
E,723,727
E,726,727
E,727,728
E,727,730
V,942
E,228,942
E,229,942
E,237,942
E,238,942
E,942,943
E,942,944
V,24
E,24,91
E,24,92
E,24,93
E,24,366
E,24,372
E,24,374
E,24,375
E,24,376
V,362
E,90,362
E,91,362
E,361,362
E,362,363
V,510
E,130,510
E,493,510
E,507,510
E,509,510
E,510,511
E,510,512
E,510,513
E,510,514
V,734
E,184,734
E,695,734
E,726,734
E,733,734
E,734,735
V,24
E,24,91
E,24,92
E,24,93
E,24,366
E,24,372
E,24,374
E,24,375
E,24,376
V,492
E,489,492
E,492,493
E,492,494
E,492,497
E,492,507
V,598
E,159,598
E,597,598
E,598,616
E,598,635
E,598,636
V,688
E,161,688
E,172,688
E,592,688
E,594,688
E,595,688
E,687,688
E,688,690
E,688,692
V,179
E,179,180
E,179,181
E,179,749
E,179,751
V,696
E,175,696
E,695,696
E,696,697
E,696,698
E,696,710
E,696,711
V,838
E,217,838
E,218,838
E,834,838
E,838,839
E,838,856
V,73
E,71,73
E,73,282
E,73,283
E,73,284
E,73,286
E,73,289
E,73,290
V,241
E,16,241
E,240,241
E,241,956
E,241,958
E,241,959
V,656
E,42,656
E,654,656
E,655,656
E,656,882
E,656,891
E,656,892
E,656,894
V,892
E,656,892
E,881,892
E,882,892
E,890,892
E,891,892
V,533
E,120,533
E,135,533
E,533,534
E,533,535
E,533,536
E,533,543
E,533,544
V,544
E,533,544
E,534,544
E,543,544
E,544,555
E,544,557
E,544,559
V,228
E,228,911
E,228,942
E,228,943
E,228,944
E,228,945
V,60
E,60,61
E,60,232
E,60,995
E,60,996
E,60,997
E,60,1000
V,447
E,437,447
E,438,447
E,439,447
E,443,447
E,444,447
E,445,447
E,446,447
E,447,448
E,447,449
V,604
E,150,604
E,587,604
E,590,604
E,602,604
E,604,606
V,393
E,23,393
E,99,393
E,100,393
E,359,393
E,379,393
E,392,393
E,393,394
V,397
E,101,397
E,102,397
E,395,397
E,396,397
E,397,398
E,397,399
V,874
E,213,874
E,857,874
E,859,874
E,861,874
E,873,874
V,587
E,150,587
E,550,587
E,587,588
E,587,589
E,587,590
E,587,604
V,256
E,243,256
E,246,256
E,256,979
E,256,982
E,256,1014
E,256,1020
E,256,1023
E,256,1024
V,141
E,33,141
E,139,141
E,141,142
E,141,561
E,141,563
V,861
E,61,861
E,216,861
E,232,861
E,857,861
E,859,861
E,860,861
E,861,862
E,861,874
V,77
E,77,78
E,77,292
E,77,344
E,77,347
E,77,350
