V,505
E,497,505
E,498,505
E,499,505
E,505,506
E,505,507
V,181
E,179,181
E,180,181
E,181,182
E,181,723
E,181,725
E,181,749
V,351
E,85,351
E,88,351
E,343,351
E,349,351
E,350,351
E,351,352
V,790
E,788,790
E,790,792
E,790,828
E,790,829
V,646
E,225,646
E,226,646
E,644,646
E,645,646
E,646,647
E,646,649
E,646,684
V,595
E,161,595
E,593,595
E,594,595
E,595,596
E,595,688
V,891
E,656,891
E,890,891
E,891,892
E,891,893
E,891,894
V,280
E,264,280
E,269,280
E,271,280
E,272,280
E,278,280
E,279,280
E,280,281
E,280,298
V,181
E,179,181
E,180,181
E,181,182
E,181,723
E,181,725
E,181,749
V,901
E,896,901
E,900,901
E,901,902
E,901,904
E,901,907
E,901,909
V,131
E,131,140
E,131,527
E,131,528
E,131,529
E,131,530
E,131,561
E,131,562
V,896
E,2,896
E,652,896
E,895,896
E,896,897
E,896,899
E,896,900
E,896,901
E,896,904
V,386
E,40,386
E,385,386
E,386,387
E,386,640
V,836
E,41,836
E,220,836
E,821,836
E,832,836
E,834,836
E,836,837
V,918
E,917,918
E,918,919
E,918,920
E,918,926
E,918,940
E,918,941
V,978
E,59,978
E,934,978
E,972,978
E,978,980
E,978,986
E,978,988
V,217
E,215,217
E,217,218
E,217,838
E,217,856
E,217,869
E,217,872
V,55
E,54,55
E,55,212
E,55,847
E,55,848
E,55,849
E,55,850
V,879
E,815,879
E,876,879
E,877,879
E,878,879
E,879,880
E,879,885
E,879,925
V,310
E,19,310
E,74,310
E,292,310
E,309,310
E,310,311
E,310,344
E,310,346
E,310,347
V,1023
E,63,1023
E,256,1023
E,1020,1023
E,1021,1023
E,1022,1023
E,1023,1024
V,977
E,246,977
E,977,979
E,977,980
V,75
E,75,76
E,75,295
E,75,303
E,75,304
V,937
E,235,937
E,238,937
E,929,937
E,936,937
E,937,938
V,693
E,169,693
E,689,693
E,690,693
E,691,693
E,692,693
E,693,694
E,693,695
V,655
E,42,655
E,653,655
E,654,655
E,655,656
V,343
E,83,343
E,84,343
E,85,343
E,86,343
E,343,351
E,343,352
V,96
E,40,96
E,95,96
E,96,378
E,96,381
E,96,384
E,96,387
V,359
E,89,359
E,100,359
E,359,360
E,359,393
E,359,394
V,74
E,19,74
E,74,293
E,74,295
E,74,309
E,74,310
V,36
E,36,146
E,36,581
E,36,582
E,36,699
E,36,700
V,317
E,81,317
E,312,317
E,314,317
E,317,318
E,317,319
E,317,320
E,317,322
E,317,328
V,186
E,52,186
E,185,186
E,186,187
E,186,200
E,186,739
E,186,742
E,186,743
E,186,744
E,186,745
V,598
E,159,598
E,597,598
E,598,616
E,598,635
E,598,636
V,445
E,406,445
E,443,445
E,444,445
E,445,447
E,445,459
E,445,460
V,114
E,113,114
E,114,454
E,114,455
E,114,456
E,114,483
E,114,490
E,114,491
V,397
E,101,397
E,102,397
E,395,397
E,396,397
E,397,398
E,397,399
V,836
E,41,836
E,220,836
E,821,836
E,832,836
E,834,836
E,836,837
V,793
E,197,793
E,203,793
E,786,793
E,793,794
E,793,808
V,663
E,649,663
E,654,663
E,660,663
E,662,663
E,663,664
V,550
E,29,550
E,150,550
E,549,550
E,550,587
E,550,588
E,550,605
V,762
E,194,762
E,195,762
E,761,762
E,762,763
E,762,764
E,762,769
E,762,770
V,452
E,451,452
E,452,453
E,452,455
E,452,457
E,452,459
V,53
E,53,54
E,53,214
E,53,850
E,53,1007
E,53,1008
E,53,1009
V,116
E,9,116
E,116,118
E,116,467
E,116,469
E,116,471
E,116,474
E,116,475
V,844
E,210,844
E,833,844
E,842,844
E,843,844
E,844,846
E,844,847
V,461
E,460,461
E,461,462
E,461,463
E,461,464
V,768
E,193,768
E,767,768
E,768,769
E,768,771
V,75
E,75,76
E,75,295
E,75,303
E,75,304
V,271
E,263,271
E,264,271
E,265,271
E,269,271
E,270,271
E,271,280
V,252
E,64,252
E,252,1011
E,252,1012
E,252,1014
V,350
E,72,350
E,77,350
E,78,350
E,88,350
E,292,350
E,348,350
E,349,350
E,350,351
V,472
E,9,472
E,115,472
E,457,472
E,458,472
E,462,472
E,465,472
E,471,472
V,1001
E,62,1001
E,253,1001
E,1001,1003
E,1001,1010
E,1001,1016
E,1001,1017
E,1001,1019
V,153
E,153,154
E,153,155
E,153,478
E,153,608
E,153,609
E,153,611
E,153,621
V,42
E,42,653
E,42,655
E,42,656
E,42,657
E,42,660
E,42,882
V,523
E,128,523
E,132,523
E,133,523
E,136,523
E,522,523
E,523,524
E,523,531
V,204
E,51,204
E,204,206
E,204,207
E,204,220
E,204,823
E,204,824
V,982
E,246,982
E,256,982
E,980,982
E,981,982
E,982,1018
E,982,1020
V,763
E,188,763
E,191,763
E,192,763
E,194,763
E,755,763
E,762,763
E,763,764
E,763,765
E,763,766
V,214
E,53,214
E,212,214
E,214,846
E,214,850
E,214,1008
E,214,1012
E,214,1014
V,851
E,216,851
E,851,862
E,851,1006
E,851,1007
V,582
E,36,582
E,146,582
E,176,582
E,579,582
E,580,582
E,582,585
E,582,700
V,925
E,221,925
E,224,925
E,875,925
E,876,925
E,879,925
E,885,925
E,886,925
E,923,925
V,75
E,75,76
E,75,295
E,75,303
E,75,304
V,218
E,41,218
E,217,218
E,218,834
E,218,837
E,218,838
E,218,869
V,514
E,189,514
E,493,514
E,510,514
E,513,514
E,514,516
E,514,561
E,514,574
V,249
E,249,985
E,249,987
E,249,989
E,249,999
V,211
E,209,211
E,211,827
E,211,831
E,211,832
E,211,835
V,811
E,43,811
E,799,811
E,805,811
E,806,811
E,809,811
E,810,811
V,746
E,167,746
E,187,746
E,744,746
E,745,746
E,746,748
E,746,749
E,746,751
V,478
E,118,478
E,121,478
E,153,478
E,154,478
E,478,479
E,478,610
E,478,611
V,865
E,232,865
E,864,865
E,865,867
E,865,868
E,865,994
E,865,995
V,388
E,8,388
E,23,388
E,25,388
E,388,390
E,388,391
E,388,629
E,388,640
V,113
E,113,114
E,113,454
E,113,491
E,113,493
V,612
E,118,612
E,468,612
E,469,612
E,611,612
E,612,622
V,107
E,71,107
E,106,107
E,107,277
E,107,284
E,107,285
E,107,416
E,107,417
E,107,418
V,583
E,147,583
E,581,583
E,583,584
E,583,586
E,583,591
E,583,592
V,705
E,177,705
E,701,705
E,703,705
E,704,705
E,705,706
V,352
E,86,352
E,87,352
E,88,352
E,343,352
E,351,352
V,630
E,629,630
E,630,631
E,630,632
E,630,634
E,630,637
E,630,639
V,173
E,12,173
E,173,694
E,173,695
E,173,731
E,173,732
E,173,733
V,324
E,324,325
E,324,326
E,324,947
E,324,948
E,324,957
V,744
E,186,744
E,187,744
E,744,745
E,744,746
V,771
E,767,771
E,768,771
E,769,771
E,770,771
E,771,772
E,771,773
E,771,774
E,771,784
E,771,831
V,263
E,262,263
E,263,264
E,263,265
E,263,271
V,737
E,167,737
E,736,737
E,737,738
E,737,739
E,737,745
E,737,747
V,151
E,29,151
E,151,152
E,151,547
E,151,605
E,151,607
E,151,609
V,463
E,404,463
E,405,463
E,460,463
E,461,463
E,463,464
E,463,466
V,920
E,227,920
E,230,920
E,918,920
E,919,920
E,920,921
E,920,941
V,366
E,24,366
E,91,366
E,93,366
E,363,366
E,365,366
E,366,367
V,226
E,226,637
E,226,638
E,226,644
E,226,646
E,226,683
E,226,684
V,38
E,38,148
E,38,581
E,38,689
E,38,690
E,38,699
V,423
E,109,423
E,413,423
E,417,423
E,422,423
E,423,424
V,61
E,60,61
E,61,232
E,61,861
E,61,862
E,61,997
E,61,1004
E,61,1005
V,546
E,31,546
E,119,546
E,152,546
E,542,546
E,543,546
E,546,547
E,546,555
E,546,556
E,546,610
V,651
E,2,651
E,650,651
E,651,652
E,651,654
V,251
E,251,253
E,251,1013
E,251,1015
E,251,1024
V,821
E,15,821
E,821,832
E,821,834
E,821,836
V,238
E,229,238
E,235,238
E,237,238
E,238,916
E,238,937
E,238,938
E,238,941
E,238,942
V,419
E,108,419
E,277,419
E,418,419
E,419,420
V,126
E,125,126
E,126,127
E,126,498
E,126,503
E,126,504
E,126,506
E,126,508
V,355
E,87,355
E,104,355
E,105,355
E,354,355
E,355,357
E,355,364
V,799
E,201,799
E,203,799
E,797,799
E,799,800
E,799,805
E,799,806
E,799,807
E,799,811
V,983
E,981,983
E,983,998
E,983,999
E,983,1016
E,983,1017
E,983,1018
V,723
E,180,723
E,181,723
E,182,723
E,716,723
E,722,723
E,723,724
E,723,727
E,723,750
V,646
E,225,646
E,226,646
E,644,646
E,645,646
E,646,647
E,646,649
E,646,684
V,630
E,629,630
E,630,631
E,630,632
E,630,634
E,630,637
E,630,639
V,350
E,72,350
E,77,350
E,78,350
E,88,350
E,292,350
E,348,350
E,349,350
E,350,351
V,627
E,8,627
E,156,627
E,157,627
E,626,627
E,627,628
E,627,629
E,627,631
V,24
E,24,91
E,24,92
E,24,93
E,24,366
E,24,372
E,24,374
E,24,375
E,24,376
V,76
E,19,76
E,75,76
E,76,294
E,76,295
E,76,296
E,76,303
V,930
E,929,930
E,930,931
E,930,932
E,930,933
E,930,936
V,58
E,57,58
E,58,223
E,58,886
E,58,888
E,58,889
E,58,922
V,108
E,108,274
E,108,277
E,108,419
E,108,420
E,108,421
V,177
E,177,701
E,177,705
E,177,706
E,177,707
E,177,709
V,883
E,657,883
E,658,883
E,815,883
E,816,883
E,880,883
E,881,883
E,882,883
V,766
E,191,766
E,756,766
E,763,766
E,765,766
E,766,767
V,288
E,72,288
E,87,288
E,88,288
E,105,288
E,288,289
E,288,353
V,362
E,90,362
E,91,362
E,361,362
E,362,363
V,288
E,72,288
E,87,288
E,88,288
E,105,288
E,288,289
E,288,353
V,1005
E,61,1005
E,862,1005
E,1002,1005
E,1004,1005
E,1005,1006
V,46
E,46,673
E,46,731
E,46,736
E,46,738
E,46,802
V,219
E,41,219
E,51,219
E,219,220
E,219,820
E,219,823
V,112
E,111,112
E,112,406
E,112,440
E,112,441
E,112,442
E,112,444
E,112,446
V,727
E,182,727
E,714,727
E,716,727
E,723,727
E,726,727
E,727,728
E,727,730
V,630
E,629,630
E,630,631
E,630,632
E,630,634
E,630,637
E,630,639
V,686
E,162,686
E,163,686
E,678,686
E,679,686
E,685,686
E,686,687
V,477
E,121,477
E,476,477
E,477,479
E,477,480
E,477,481
V,721
E,718,721
E,720,721
E,721,722
E,721,724
E,721,750
E,721,752
E,721,754
V,668
E,164,668
E,666,668
E,668,670
E,668,672
E,668,674
V,979
E,243,979
E,244,979
E,246,979
E,247,979
E,256,979
E,975,979
E,976,979
E,977,979
E,979,980
V,756
E,189,756
E,190,756
E,191,756
E,753,756
E,756,757
E,756,758
E,756,766
E,756,767
V,613
E,156,613
E,607,613
E,608,613
E,613,614
E,613,615
E,613,617
E,613,619
E,613,621
V,497
E,492,497
E,494,497
E,495,497
E,496,497
E,497,499
E,497,505
E,497,507
V,715
E,174,715
E,707,715
E,708,715
E,710,715
E,713,715
E,715,717
E,715,718
V,109
E,109,407
E,109,413
E,109,423
E,109,424
E,109,425
E,109,442
V,138
E,10,138
E,33,138
E,34,138
E,134,138
E,138,139
E,138,140
E,138,559
E,138,560
V,271
E,263,271
E,264,271
E,265,271
E,269,271
E,270,271
E,271,280
V,481
E,124,481
E,473,481
E,475,481
E,476,481
E,477,481
E,480,481
E,481,482
V,823
E,51,823
E,204,823
E,219,823
E,812,823
E,820,823
E,823,824
V,317
E,81,317
E,312,317
E,314,317
E,317,318
E,317,319
E,317,320
E,317,322
E,317,328
V,336
E,82,336
E,332,336
E,333,336
E,334,336
E,336,337
E,336,913
E,336,946
V,245
E,59,245
E,244,245
E,245,247
E,245,972
E,245,974
E,245,975
V,453
E,451,453
E,452,453
E,453,454
E,453,455
V,95
E,95,96
E,95,381
E,95,382
E,95,384
E,95,641
E,95,897
E,95,898
E,95,899
V,354
E,104,354
E,105,354
E,353,354
E,354,355
E,354,356
V,223
E,58,223
E,223,881
E,223,884
E,223,885
E,223,886
E,223,888
E,223,890
V,316
E,1,316
E,305,316
E,306,316
E,314,316
E,315,316
E,316,318
V,131
E,131,140
E,131,527
E,131,528
E,131,529
E,131,530
E,131,561
E,131,562
V,990
E,248,990
E,250,990
E,932,990
E,934,990
E,988,990
E,989,990
E,990,991
V,796
E,197,796
E,780,796
E,785,796
E,786,796
E,787,796
E,794,796
E,795,796
V,100
E,89,100
E,100,101
E,100,359
E,100,392
E,100,393
V,1021
E,254,1021
E,255,1021
E,1017,1021
E,1019,1021
E,1020,1021
E,1021,1022
E,1021,1023
V,1022
E,63,1022
E,255,1022
E,1021,1022
E,1022,1023
V,374
E,24,374
E,92,374
E,372,374
E,373,374
V,944
E,22,944
E,228,944
E,237,944
E,942,944
E,944,945
V,148
E,38,148
E,148,581
E,148,592
E,148,690
V,99
E,98,99
E,99,375
E,99,376
E,99,377
E,99,379
E,99,393
E,99,394
V,939
E,938,939
E,939,940
E,939,941
V,918
E,917,918
E,918,919
E,918,920
E,918,926
E,918,940
E,918,941
V,276
E,274,276
E,275,276
E,276,277
E,276,278
E,276,285
V,19
E,19,74
E,19,76
E,19,292
E,19,294
E,19,295
E,19,310
V,455
E,114,455
E,452,455
E,453,455
E,454,455
E,455,456
E,455,457
V,160
E,160,383
E,160,385
E,160,641
E,160,642
E,160,643
V,843
E,840,843
E,841,843
E,842,843
E,843,844
E,843,845
E,843,847
E,843,855
V,1017
E,983,1017
E,1001,1017
E,1016,1017
E,1017,1018
E,1017,1019
E,1017,1020
E,1017,1021
V,587
E,150,587
E,550,587
E,587,588
E,587,589
E,587,590
E,587,604
V,531
E,132,531
E,522,531
E,523,531
E,528,531
E,529,531
E,530,531
E,531,532
E,531,562
V,356
E,71,356
E,103,356
E,104,356
E,286,356
E,353,356
E,354,356
E,356,414
E,356,415
E,356,416
V,30
E,30,620
E,30,621
E,30,622
E,30,623
E,30,624
E,30,625
V,227
E,227,229
E,227,905
E,227,906
E,227,916
E,227,920
E,227,921
E,227,941
E,227,943
V,45
E,11,45
E,45,52
E,45,798
V,311
E,305,311
E,308,311
E,309,311
E,310,311
E,311,312
E,311,313
E,311,315
E,311,346
V,406
E,111,406
E,112,406
E,404,406
E,405,406
E,406,408
E,406,444
E,406,445
E,406,460
V,496
E,485,496
E,486,496
E,495,496
E,496,497
E,496,499
E,496,502
V,506
E,126,506
E,498,506
E,505,506
E,506,507
E,506,508
V,626
E,8,626
E,157,626
E,390,626
E,626,627
V,844
E,210,844
E,833,844
E,842,844
E,843,844
E,844,846
E,844,847
V,255
E,63,255
E,254,255
E,255,1013
E,255,1019
E,255,1021
E,255,1022
V,438
E,110,438
E,435,438
E,436,438
E,437,438
E,438,447
E,438,449
V,597
E,159,597
E,596,597
E,597,598
E,597,599
E,597,600
E,597,601
E,597,616
V,636
E,39,636
E,159,636
E,598,636
E,635,636
E,636,683
V,1009
E,53,1009
E,62,1009
E,1007,1009
E,1008,1009
E,1009,1010
V,734
E,184,734
E,695,734
E,726,734
E,733,734
E,734,735
V,570
E,137,570
E,145,570
E,564,570
E,570,571
E,570,572
V,429
E,4,429
E,421,429
E,428,429
E,429,430
V,844
E,210,844
E,833,844
E,842,844
E,843,844
E,844,846
E,844,847
V,298
E,6,298
E,66,298
E,68,298
E,264,298
E,280,298
E,281,298
V,877
E,41,877
E,815,877
E,819,877
E,869,877
E,875,877
E,877,878
E,877,879
V,239
E,5,239
E,20,239
E,239,321
E,239,960
E,239,961
V,930
E,929,930
E,930,931
E,930,932
E,930,933
E,930,936
V,131
E,131,140
E,131,527
E,131,528
E,131,529
E,131,530
E,131,561
E,131,562
V,500
E,123,500
E,498,500
E,500,501
E,500,504
E,500,537
V,1019
E,253,1019
E,254,1019
E,255,1019
E,1001,1019
E,1013,1019
E,1017,1019
E,1019,1021
V,944
E,22,944
E,228,944
E,237,944
E,942,944
E,944,945
V,342
E,79,342
E,84,342
E,85,342
E,340,342
E,341,342
E,342,349
V,781
E,185,781
E,199,781
E,742,781
E,776,781
E,780,781
E,781,782
E,781,783
V,858
E,858,859
E,858,860
E,858,870
E,858,871
E,858,873
V,480
E,31,480
E,124,480
E,477,480
E,479,480
E,480,481
E,480,541
E,480,542
V,513
E,510,513
E,512,513
E,513,514
E,513,516
E,513,518
V,108
E,108,274
E,108,277
E,108,419
E,108,420
E,108,421
V,877
E,41,877
E,815,877
E,819,877
E,869,877
E,875,877
E,877,878
E,877,879
V,694
E,168,694
E,169,694
E,173,694
E,693,694
E,694,695
E,694,731
V,683
E,39,683
E,159,683
E,226,683
E,636,683
E,637,683
E,681,683
E,683,684
E,683,685
