V,188
E,188,191
E,188,755
E,188,757
E,188,758
E,188,763
V,1019
E,253,1019
E,254,1019
E,255,1019
E,1001,1019
E,1013,1019
E,1017,1019
E,1019,1021
V,289
E,72,289
E,73,289
E,286,289
E,287,289
E,288,289
E,289,290
E,289,353
V,705
E,177,705
E,701,705
E,703,705
E,704,705
E,705,706
V,336
E,82,336
E,332,336
E,333,336
E,334,336
E,336,337
E,336,913
E,336,946
V,895
E,652,895
E,893,895
E,894,895
E,895,896
E,895,904
V,69
E,69,70
E,69,257
E,69,258
E,69,267
E,69,273
V,307
E,293,307
E,304,307
E,305,307
E,306,307
E,307,308
V,467
E,116,467
E,467,468
E,467,469
E,467,470
E,467,471
V,713
E,174,713
E,710,713
E,711,713
E,712,713
E,713,714
E,713,715
E,713,729
E,713,730
V,313
E,18,313
E,311,313
E,312,313
E,313,331
E,313,345
E,313,346
V,1017
E,983,1017
E,1001,1017
E,1016,1017
E,1017,1018
E,1017,1019
E,1017,1020
E,1017,1021
V,911
E,82,911
E,228,911
E,911,913
E,911,914
E,911,943
E,911,945
V,882
E,42,882
E,656,882
E,657,882
E,881,882
E,882,883
E,882,892
V,691
E,690,691
E,691,692
E,691,693
V,404
E,403,404
E,404,405
E,404,406
E,404,408
E,404,409
E,404,463
E,404,466
V,873
E,56,873
E,213,873
E,858,873
E,859,873
E,870,873
E,872,873
E,873,874
V,159
E,159,161
E,159,596
E,159,597
E,159,598
E,159,636
E,159,683
E,159,685
V,346
E,310,346
E,311,346
E,313,346
E,344,346
E,345,346
V,942
E,228,942
E,229,942
E,237,942
E,238,942
E,942,943
E,942,944
V,811
E,43,811
E,799,811
E,805,811
E,806,811
E,809,811
E,810,811
V,313
E,18,313
E,311,313
E,312,313
E,313,331
E,313,345
E,313,346
V,196
E,48,196
E,187,196
E,196,760
E,196,775
E,196,777
V,1000
E,60,1000
E,989,1000
E,991,1000
E,996,1000
E,997,1000
E,998,1000
E,999,1000
V,982
E,246,982
E,256,982
E,980,982
E,981,982
E,982,1018
E,982,1020
V,91
E,24,91
E,91,361
E,91,362
E,91,363
E,91,366
E,91,376
V,158
E,149,158
E,158,600
E,158,614
E,158,616
V,477
E,121,477
E,476,477
E,477,479
E,477,480
E,477,481
V,308
E,293,308
E,305,308
E,307,308
E,308,309
E,308,311
V,496
E,485,496
E,486,496
E,495,496
E,496,497
E,496,499
E,496,502
V,847
E,55,847
E,212,847
E,843,847
E,844,847
E,845,847
E,846,847
E,847,848
V,718
E,707,718
E,709,718
E,715,718
E,717,718
E,718,720
E,718,721
E,718,724
V,731
E,46,731
E,168,731
E,173,731
E,673,731
E,694,731
E,731,732
E,731,736
V,142
E,141,142
E,142,143
E,142,561
E,142,563
E,142,574
V,1021
E,254,1021
E,255,1021
E,1017,1021
E,1019,1021
E,1020,1021
E,1021,1022
E,1021,1023
V,994
E,250,994
E,864,994
E,865,994
E,993,994
E,994,995
E,994,996
V,227
E,227,229
E,227,905
E,227,906
E,227,916
E,227,920
E,227,921
E,227,941
E,227,943
V,198
E,197,198
E,198,740
E,198,779
E,198,798
V,405
E,404,405
E,405,406
E,405,460
E,405,463
V,884
E,223,884
E,880,884
E,881,884
E,884,885
V,277
E,107,277
E,108,277
E,274,277
E,276,277
E,277,285
E,277,418
E,277,419
V,848
E,55,848
E,845,848
E,847,848
E,848,849
E,848,854
V,695
E,37,695
E,173,695
E,689,695
E,693,695
E,694,695
E,695,696
E,695,697
E,695,698
E,695,726
E,695,728
E,695,733
E,695,734
V,66
E,6,66
E,65,66
E,66,262
E,66,264
E,66,298
E,66,299
E,66,300
E,66,301
V,566
E,34,566
E,558,566
E,564,566
E,565,566
E,566,568
V,236
E,234,236
E,236,935
E,236,951
E,236,952
E,236,970
V,475
E,9,475
E,116,475
E,118,475
E,121,475
E,473,475
E,474,475
E,475,476
E,475,481
V,449
E,110,449
E,438,449
E,447,449
E,448,449
E,449,450
E,449,451
E,449,454
E,449,493
V,373
E,92,373
E,372,373
E,373,374
E,373,375
E,373,380
E,373,382
V,527
E,131,527
E,527,529
E,527,530
V,575
E,144,575
E,178,575
E,575,576
E,575,577
E,575,580
V,799
E,201,799
E,203,799
E,797,799
E,799,800
E,799,805
E,799,806
E,799,807
E,799,811
V,601
E,597,601
E,599,601
E,600,601
E,601,602
E,601,606
V,490
E,9,490
E,114,490
E,115,490
E,456,490
E,473,490
E,483,490
V,465
E,462,465
E,464,465
E,465,466
E,465,470
E,465,471
E,465,472
V,483
E,114,483
E,473,483
E,482,483
E,483,484
E,483,487
E,483,488
E,483,489
E,483,490
E,483,491
V,896
E,2,896
E,652,896
E,895,896
E,896,897
E,896,899
E,896,900
E,896,901
E,896,904
V,603
E,590,603
E,591,603
E,593,603
E,594,603
E,599,603
E,602,603
V,462
E,458,462
E,460,462
E,461,462
E,462,464
E,462,465
E,462,472
V,23
E,23,25
E,23,379
E,23,388
E,23,391
E,23,392
E,23,393
V,368
E,17,368
E,335,368
E,337,368
E,365,368
E,367,368
E,368,913
V,544
E,533,544
E,534,544
E,543,544
E,544,555
E,544,557
E,544,559
V,173
E,12,173
E,173,694
E,173,695
E,173,731
E,173,732
E,173,733
V,50
E,50,773
E,50,775
E,50,776
E,50,777
E,50,782
E,50,784
V,677
E,13,677
E,163,677
E,170,677
E,665,677
E,666,677
E,675,677
E,677,678
V,994
E,250,994
E,864,994
E,865,994
E,993,994
E,994,995
E,994,996
V,423
E,109,423
E,413,423
E,417,423
E,422,423
E,423,424
V,165
E,165,670
E,165,671
E,165,672
E,165,800
E,165,803
E,165,804
V,609
E,151,609
E,153,609
E,154,609
E,155,609
E,547,609
E,607,609
V,473
E,9,473
E,473,475
E,473,481
E,473,482
E,473,483
E,473,490
V,629
E,8,629
E,388,629
E,627,629
E,629,630
E,629,631
E,629,639
E,629,640
V,198
E,197,198
E,198,740
E,198,779
E,198,798
V,850
E,53,850
E,54,850
E,55,850
E,212,850
E,214,850
V,588
E,549,588
E,550,588
E,587,588
E,588,589
V,177
E,177,701
E,177,705
E,177,706
E,177,707
E,177,709
V,559
E,10,559
E,34,559
E,138,559
E,544,559
E,554,559
E,555,559
E,557,559
V,26
E,7,26
E,26,101
E,26,391
E,26,392
E,26,398
V,527
E,131,527
E,527,529
E,527,530
V,1015
E,64,1015
E,251,1015
E,253,1015
E,1014,1015
E,1015,1024
V,168
E,44,168
E,168,169
E,168,673
E,168,675
E,168,694
E,168,731
V,299
E,65,299
E,66,299
E,261,299
E,262,299
E,299,301
V,975
E,244,975
E,245,975
E,247,975
E,975,979
V,516
E,513,516
E,514,516
E,515,516
E,516,517
E,516,518
E,516,561
V,726
E,182,726
E,184,726
E,695,726
E,725,726
E,726,727
E,726,728
E,726,734
V,367
E,93,367
E,365,367
E,366,367
E,367,368
E,367,369
E,367,913
V,914
E,908,914
E,911,914
E,912,914
E,913,914
E,914,915
E,914,943
V,319
E,20,319
E,317,319
E,318,319
E,319,322
V,809
E,43,809
E,809,810
E,809,811
E,809,812
E,809,824
E,809,826
V,262
E,66,262
E,67,262
E,261,262
E,262,263
E,262,264
E,262,265
E,262,299
V,487
E,483,487
E,484,487
E,485,487
E,486,487
E,487,488
V,733
E,12,733
E,173,733
E,695,733
E,733,734
E,733,735
V,732
E,12,732
E,173,732
E,731,732
E,732,736
E,732,747
V,191
E,188,191
E,191,756
E,191,757
E,191,763
E,191,766
V,962
E,5,962
E,21,962
E,243,962
E,961,962
V,72
E,72,88
E,72,283
E,72,288
E,72,289
E,72,290
E,72,291
E,72,292
E,72,350
V,744
E,186,744
E,187,744
E,744,745
E,744,746
V,183
E,167,183
E,183,184
E,183,725
E,183,747
E,183,748
V,899
E,95,899
E,382,899
E,896,899
E,897,899
E,899,900
E,899,910
V,401
E,102,401
E,399,401
E,401,402
E,401,409
V,713
E,174,713
E,710,713
E,711,713
E,712,713
E,713,714
E,713,715
E,713,729
E,713,730
V,103
E,101,103
E,103,104
E,103,356
E,103,357
E,103,358
E,103,395
E,103,411
E,103,414
V,1016
E,983,1016
E,998,1016
E,1001,1016
E,1003,1016
E,1016,1017
V,622
E,30,622
E,468,622
E,611,622
E,612,622
E,621,622
E,622,623
V,1008
E,53,1008
E,214,1008
E,1008,1009
E,1008,1010
E,1008,1011
E,1008,1012
V,728
E,695,728
E,697,728
E,712,728
E,726,728
E,727,728
E,728,729
E,728,730
V,427
E,424,427
E,426,427
E,427,428
E,427,432
V,982
E,246,982
E,256,982
E,980,982
E,981,982
E,982,1018
E,982,1020
V,303
E,1,303
E,75,303
E,76,303
E,296,303
E,297,303
E,302,303
E,303,304
V,21
E,21,243
E,21,956
E,21,960
E,21,961
E,21,962
E,21,963
E,21,964
V,707
E,177,707
E,701,707
E,707,708
E,707,709
E,707,715
E,707,718
V,351
E,85,351
E,88,351
E,343,351
E,349,351
E,350,351
E,351,352
V,199
E,185,199
E,199,200
E,199,740
E,199,741
E,199,779
E,199,780
E,199,781
V,304
E,1,304
E,75,304
E,293,304
E,295,304
E,303,304
E,304,306
E,304,307
V,435
E,27,435
E,110,435
E,433,435
E,434,435
E,435,436
E,435,438
V,13
E,13,164
E,13,647
E,13,648
E,13,661
E,13,665
E,13,666
E,13,667
E,13,677
V,182
E,181,182
E,182,723
E,182,725
E,182,726
E,182,727
V,904
E,887,904
E,888,904
E,893,904
E,895,904
E,896,904
E,901,904
E,902,904
E,903,904
V,350
E,72,350
E,77,350
E,78,350
E,88,350
E,292,350
E,348,350
E,349,350
E,350,351
V,388
E,8,388
E,23,388
E,25,388
E,388,390
E,388,391
E,388,629
E,388,640
V,550
E,29,550
E,150,550
E,549,550
E,550,587
E,550,588
E,550,605
V,502
E,123,502
E,485,502
E,496,502
E,499,502
E,501,502
E,502,540
V,675
E,44,675
E,168,675
E,169,675
E,170,675
E,666,675
E,674,675
E,675,676
E,675,677
V,288
E,72,288
E,87,288
E,88,288
E,105,288
E,288,289
E,288,353
V,822
E,207,822
E,209,822
E,220,822
E,822,830
E,822,832
V,335
E,17,335
E,335,337
E,335,339
E,335,368
V,114
E,113,114
E,114,454
E,114,455
E,114,456
E,114,483
E,114,490
E,114,491
V,516
E,513,516
E,514,516
E,515,516
E,516,517
E,516,518
E,516,561
V,98
E,97,98
E,98,99
E,98,375
E,98,377
E,98,378
E,98,380
V,397
E,101,397
E,102,397
E,395,397
E,396,397
E,397,398
E,397,399
V,956
E,3,956
E,16,956
E,21,956
E,241,956
E,242,956
E,955,956
E,956,959
E,956,960
E,956,964
V,1017
E,983,1017
E,1001,1017
E,1016,1017
E,1017,1018
E,1017,1019
E,1017,1020
E,1017,1021
V,248
E,248,987
E,248,988
E,248,989
E,248,990
V,927
E,866,927
E,917,927
E,924,927
E,926,927
E,927,928
V,723
E,180,723
E,181,723
E,182,723
E,716,723
E,722,723
E,723,724
E,723,727
E,723,750
V,651
E,2,651
E,650,651
E,651,652
E,651,654
V,574
E,35,574
E,142,574
E,143,574
E,189,574
E,514,574
E,561,574
E,572,574
E,574,576
V,517
E,129,517
E,515,517
E,516,517
E,517,519
E,517,525
E,517,526
E,517,561
V,893
E,888,893
E,890,893
E,891,893
E,893,894
E,893,895
E,893,904
V,689
E,37,689
E,38,689
E,689,690
E,689,693
E,689,695
E,689,699
V,60
E,60,61
E,60,232
E,60,995
E,60,996
E,60,997
E,60,1000
V,186
E,52,186
E,185,186
E,186,187
E,186,200
E,186,739
E,186,742
E,186,743
E,186,744
E,186,745
V,853
E,213,853
E,216,853
E,852,853
E,853,857
V,411
E,103,411
E,395,411
E,396,411
E,407,411
E,408,411
E,410,411
E,411,412
E,411,414
V,607
E,149,607
E,151,607
E,155,607
E,605,607
E,607,608
E,607,609
E,607,613
E,607,614
V,983
E,981,983
E,983,998
E,983,999
E,983,1016
E,983,1017
E,983,1018
V,726
E,182,726
E,184,726
E,695,726
E,725,726
E,726,727
E,726,728
E,726,734
V,61
E,60,61
E,61,232
E,61,861
E,61,862
E,61,997
E,61,1004
E,61,1005
V,816
E,658,816
E,815,816
E,816,817
E,816,883
V,514
E,189,514
E,493,514
E,510,514
E,513,514
E,514,516
E,514,561
E,514,574
V,333
E,326,333
E,327,333
E,330,333
E,332,333
E,333,334
E,333,336
V,898
E,2,898
E,95,898
E,641,898
E,642,898
E,644,898
E,645,898
E,650,898
E,897,898
V,960
E,21,960
E,239,960
E,321,960
E,956,960
E,959,960
E,960,961
V,567
E,32,567
E,146,567
E,552,567
E,564,567
E,565,567
E,567,568
E,567,571
E,567,584
E,567,585
V,753
E,190,753
E,751,753
E,752,753
E,753,754
E,753,756
E,753,758
V,98
E,97,98
E,98,99
E,98,375
E,98,377
E,98,378
E,98,380
V,551
E,34,551
E,119,551
E,545,551
E,551,554
E,551,558
V,306
E,1,306
E,304,306
E,305,306
E,306,307
E,306,316
V,842
E,15,842
E,210,842
E,835,842
E,839,842
E,841,842
E,842,843
E,842,844
V,844
E,210,844
E,833,844
E,842,844
E,843,844
E,844,846
E,844,847
V,250
E,231,250
E,250,931
E,250,932
E,250,990
E,250,991
E,250,993
E,250,994
E,250,996
V,880
E,815,880
E,879,880
E,880,881
E,880,883
E,880,884
E,880,885
V,809
E,43,809
E,809,810
E,809,811
E,809,812
E,809,824
E,809,826
V,535
E,120,535
E,135,535
E,522,535
E,532,535
E,533,535
V,560
E,34,560
E,137,560
E,138,560
E,139,560
E,560,564
V,519
E,129,519
E,511,519
E,515,519
E,517,519
E,518,519
E,519,520
V,362
E,90,362
E,91,362
E,361,362
E,362,363
V,299
E,65,299
E,66,299
E,261,299
E,262,299
E,299,301
V,550
E,29,550
E,150,550
E,549,550
E,550,587
E,550,588
E,550,605
V,41
E,41,218
E,41,219
E,41,220
E,41,819
E,41,820
E,41,836
E,41,837
E,41,869
E,41,877
V,457
E,115,457
E,452,457
E,455,457
E,456,457
E,457,458
E,457,459
E,457,472
V,878
E,875,878
E,876,878
E,877,878
E,878,879
V,1007
E,53,1007
E,54,1007
E,62,1007
E,216,1007
E,851,1007
E,852,1007
E,1002,1007
E,1006,1007
E,1007,1009
V,715
E,174,715
E,707,715
E,708,715
E,710,715
E,713,715
E,715,717
E,715,718
V,630
E,629,630
E,630,631
E,630,632
E,630,634
E,630,637
E,630,639
V,558
E,34,558
E,545,558
E,551,558
E,553,558
E,558,566
E,558,568
V,469
E,116,469
E,118,469
E,467,469
E,468,469
E,469,612
V,857
E,213,857
E,216,857
E,853,857
E,857,861
E,857,874
V,90
E,90,357
E,90,358
E,90,360
E,90,361
E,90,362
E,90,363
E,90,364
E,90,394
V,936
E,235,936
E,929,936
E,930,936
E,933,936
E,936,937
V,1017
E,983,1017
E,1001,1017
E,1016,1017
E,1017,1018
E,1017,1019
E,1017,1020
E,1017,1021
V,753
E,190,753
E,751,753
E,752,753
E,753,754
E,753,756
E,753,758
V,198
E,197,198
E,198,740
E,198,779
E,198,798
V,300
E,1,300
E,6,300
E,65,300
E,66,300
E,300,302
V,777
E,50,777
E,187,777
E,196,777
E,743,777
E,775,777
E,776,777
V,322
E,20,322
E,317,322
E,319,322
E,320,322
E,321,322
V,534
E,135,534
E,533,534
E,534,544
E,534,557
V,705
E,177,705
E,701,705
E,703,705
E,704,705
E,705,706
V,705
E,177,705
E,701,705
E,703,705
E,704,705
E,705,706
V,279
E,278,279
E,279,280
E,279,281
E,279,284
E,279,285
V,666
E,13,666
E,164,666
E,666,668
E,666,674
E,666,675
E,666,677
V,551
E,34,551
E,119,551
E,545,551
E,551,554
E,551,558
V,223
E,58,223
E,223,881
E,223,884
E,223,885
E,223,886
E,223,888
E,223,890
V,698
E,37,698
E,175,698
E,176,698
E,695,698
E,696,698
E,698,699
E,698,700
V,413
E,109,413
E,407,413
E,410,413
E,413,415
E,413,416
E,413,417
E,413,423
V,314
E,312,314
E,314,315
E,314,316
E,314,317
E,314,318
V,529
E,131,529
E,527,529
E,528,529
E,529,530
E,529,531
V,391
E,7,391
E,23,391
E,26,391
E,388,391
E,389,391
E,390,391
E,391,392
E,391,400
V,42
E,42,653
E,42,655
E,42,656
E,42,657
E,42,660
E,42,882
V,529
E,131,529
E,527,529
E,528,529
E,529,530
E,529,531
V,118
E,116,118
E,118,121
E,118,469
E,118,475
E,118,478
E,118,611
E,118,612
V,224
E,57,224
E,221,224
E,224,230
E,224,886
E,224,921
E,224,922
E,224,925
V,486
E,485,486
E,486,487
E,486,488
E,486,489
E,486,494
E,486,495
E,486,496
V,506
E,126,506
E,498,506
E,505,506
E,506,507
E,506,508
V,357
E,90,357
E,103,357
E,104,357
E,355,357
E,357,358
E,357,364
V,52
E,11,52
E,45,52
E,52,186
E,52,200
E,52,739
E,52,740
E,52,798
